q.value	cancer.exp	normal.exp	weight
chr11:91959394:91959464	0.00010462991897194	0.375	0.0145493174014018	0.962650897456432
chr3:187676563:187676644	5.40921896195918e-15	0.325070238253944	0.00214304227064202	0.99345062563718
chr7:391332:391394	1.34141453943815e-15	0.424374017291907	0.00874271186692191	0.97981442119795
chr5:158478589:158478598	2.60700626380987e-09	0.469444444444444	0.000808925176428683	0.998279809930802
chr9:86152595:86152671	1.267321962485e-09	0.58047619047619	0.000426643562276833	0.999265550902359
chr10:73496013:73496122	2.95604921108188e-13	0.352251687829911	0.0250466513025394	0.933615792319333
chr7:45066728:45067057	3.73102901496421e-07	0.469958874458875	0.010160377050587	0.978837805360557
chr7:104581511:104581826	1.52784031369652e-05	0.502307767742085	0.0678548826403046	0.88099030584554
chr11:47416330:47416377	0.000243750075958419	0.629407051282051	0.0995792799672445	0.863400346894583
chr20:45217840:45218066	8.84944818604819e-08	0.512623488092555	0.035642883153603	0.934989842487348
chr8:17509194:17509223	1.28804511250003e-10	0.529180568540823	0.0363738860004955	0.935684555733902
chr16:29164276:29164303	4.58902005420664e-05	0.748895633766158	0.168494246043574	0.816333001102519
chr1:19251999:19252025	0.000184653657399969	0.710840101960928	0.213885835673191	0.768703540185743
chr19:18113497:18113578	8.44571624644393e-05	0.530740144546984	0.050082033232706	0.9137738964718
chr4:2814121:2814173	5.70373178542335e-08	0.349166827977804	0.00817982229123534	0.977109559345031
chr2:27651079:27651135	4.66359228421e-06	0.375	0.000231989555288232	0.999381743663265
chr6:15401038:15401067	0.000662593434596267	0.5871160069086	0.101632266826512	0.852439170155221
chr2:232186706:232186761	2.92677194007846e-05	0.71741452991453	0.0961445242584978	0.881822316689441
chr17:40822613:40822653	0.000106430382263526	0.510555729148673	0.106972813801337	0.826772681161725
chr14:93117847:93118042	1.06766300283249e-05	0.360287723614691	0.0297547736146072	0.923714021354153
chr2:219738569:219738577	0.000904705836084796	0.375	0.0748576286181587	0.83359706748088
chr2:109834010:109834148	2.2132087702872e-06	0.520833333333333	0.0408955926166586	0.927196925906039
chr14:94254076:94254092	3.19425495818762e-15	0.471955331275877	0.0189250706838076	0.9614466770149
chr17:74141537:74141566	1.83259479444326e-15	0.4141966564624	0.0189176671085195	0.956321769844626
chr21:44819099:44819123	3.32129340176826e-07	0.392569900546322	0.0512707110993846	0.884483957181658
chr12:108169217:108169314	2.0276842094012e-05	0.332801107757549	0.0100789527544571	0.970605019319564
chr1:225655146:225655154	0.000511082062399297	0.586326740865091	0.0907138862352015	0.866014117020242
chr7:49813424:49813437	5.49719712987382e-09	0.527124183006536	0.0502384229362368	0.912986358279642
chr8:38757858:38757899	2.21909299194465e-14	0.344510562027495	0.0141502960797498	0.960546862698024
chr8:142276522:142276533	3.76338583073623e-12	0.416735469941073	0.0269326767469258	0.939295446499869
chr10:114136302:114136365	1.31154161518638e-08	0.5625	0.00846820302667801	0.985168695941756
chr1:225655011:225655039	2.16895904019744e-06	0.445304232804233	0.0300441285767373	0.936795556653538
chr4:111553898:111553914	0.000158743791784756	0.3375	0.0150931646943351	0.957193825049276
chr10:123923869:123923887	1.4119439168777e-11	0.483604040292323	0.0267439232302284	0.947596688648202
chr19:37463952:37463992	7.1355720693227e-08	0.433101851851852	0.00761482443761089	0.98272172384825
chr21:46334450:46334460	0.000220894984446781	0.517584357946323	0.108558247324986	0.826623765239634
chr8:57026506:57026533	8.70405451076488e-05	0.329166666666667	0.0169820093643749	0.950940129082418
chr17:40822041:40822061	0.000196652027817998	0.62582651695844	0.150446799924641	0.806193518890074
chr2:25425395:25425417	0.000664097453141207	0.586543256135905	0.164824756116634	0.780633786069089
chr16:68028052:68028131	1.2097878620673e-08	0.40961290996308	0.0383724636672331	0.914344382817063
chr16:88769941:88770131	5.93794047503099e-08	0.353392169554041	0.00575252583113674	0.983982706956127
chr1:9764850:9764871	3.51058462622762e-07	0.700637344309704	0.0589753041050648	0.922361345314431
chr3:48520626:48520665	6.3487611968655e-06	0.364753584229391	0.0170569251867739	0.955326203008775
chr17:13504776:13504797	2.742879071389e-07	0.428026773950687	0.00709354126701559	0.983697517631493
chr12:115333753:115333857	9.58940557952741e-05	0.466402430838615	0.0344015382625318	0.931307376967726
chr20:37356313:37356330	6.69952251449889e-07	0.346527777777778	0.000674211604652248	0.998058157426311
chr19:40871656:40871678	3.04088379246734e-05	0.423622368514667	0.0517489138766574	0.891140008255572
chr10:38383097:38383309	3.74839055320211e-10	0.513888888888889	1.51032676784699e-05	0.999970610721246
chr7:4248707:4248866	1.40176302960562e-05	0.416542022792023	0.0523795920543464	0.888297765775827
chr5:2740503:2740527	4.0495782625649e-11	0.568287037037037	0.00248734759604325	0.995642152726173
chr15:59397205:59397420	3.67425941286596e-05	0.339045719237209	0.0085154996199483	0.975499281398688
chr11:69920045:69920065	5.44076009579536e-07	0.548220487115875	0.0434364100464694	0.926585137002889
chr19:55766296:55766320	5.01390907226281e-15	0.367933857078594	0.011496940776255	0.969699505571888
chr1:226900505:226900521	7.40912320505232e-06	0.432973288903617	0.0338660277725353	0.92745677888988
chr14:85996917:85996935	4.92449321246263e-08	0.409004296931397	0.00420750332834731	0.989817562504985
chr11:64107477:64107619	2.13667380202594e-07	0.713771808466684	0.0550065754133584	0.92844937297048
chr2:158300427:158300485	1.15655639678929e-11	0.563082055668172	0.0230667995191363	0.960646857338372
chr6:82528497:82528686	1.64610219833879e-06	0.418406449643545	0.058731859564055	0.876908103099931
chr19:30866086:30866112	5.59947508892947e-05	0.383333333333333	0.0202119782411267	0.949913980756539
chr2:9403744:9403770	0.000101339565822928	0.537037037037037	0.0302818734095591	0.946622837963006
chr8:97158006:97158018	6.59258782879679e-11	0.311106894801737	0.00141749523523673	0.995464369244688
chr5:42757512:42757640	0.000574765462880725	0.368716931216931	0.0391670322987012	0.903975062022265
chr1:181287633:181287642	2.35249114140414e-05	0.368125741476805	0.0357762021938053	0.911423545356886
chr20:37303000:37303007	1.77585564833082e-08	0.307225402810302	0.00126605635028696	0.995895976006169
chr16:29757564:29757692	2.20253291543972e-05	0.482870151252671	0.0564435643207835	0.895341871176469
chr10:130832367:130832381	0.000595568845979134	0.405661794632383	0.0671725040165394	0.857936481747457
chr7:155556566:155556600	7.2070125559771e-06	0.456232989071379	0.0573501465978973	0.888333275345653
chr8:142413012:142413121	2.51097431420775e-06	0.3625	0.0124555480706638	0.966781267446891
chr2:37880456:37880503	6.0548269678788e-06	0.695352564102564	0.0872772763394156	0.888482048818728
chr2:96812345:96812369	5.30840009224212e-05	0.629023701279559	0.0699262385353609	0.899955297866
chr16:68390618:68390663	0.000308894134050414	0.37075695937252	0.0447563432587974	0.892286617599559
chr20:25129140:25129158	0.00014072030430286	0.375	0.0690695866367222	0.844462244848068
chr12:58013474:58013487	0.000327472420452484	0.345238095238095	0.0346715083668877	0.908737478500444
chr4:111554064:111554077	0.000534821360014353	0.430017006802721	0.0247272473461928	0.945623837749261
chr17:75525139:75525180	9.39055040092173e-06	0.345155423280423	0.00666201972637551	0.981063986852276
chr18:32956774:32956853	3.47458514560125e-06	0.436084656084656	0.00741321382456677	0.983284668704082
chr2:236574688:236574774	4.38633362604367e-07	0.510648148148148	0.00410426226597089	0.992026725503492
chr8:33432560:33432573	0.000932981306517442	0.581123970292949	0.0867162155455835	0.870154241412257
chr11:1779926:1779973	7.66090732206354e-06	0.444614435104042	0.0459834007016333	0.906270681716078
chr3:196367690:196367895	1.52340730261835e-22	0.455710708320447	0.00592728865104032	0.987160310264914
chr5:171605385:171605414	7.39238961959649e-05	0.441318524081862	0.0466397088060514	0.904418645567223
chr11:102791155:102791266	4.9089794400145e-07	0.443055555555555	0.00615284870792117	0.986302908294849
chr9:37903889:37903895	2.6343644414043e-10	0.421631898535342	0.0301039409576362	0.933359414228846
chr18:379844:379940	0.000252506145040459	0.379995130012674	0.0528389406561251	0.877923333127449
chr22:46449124:46449222	2.28992931083629e-06	0.374753351933659	0.0127135159526464	0.967188121085035
chr11:117186061:117186115	3.49490851602326e-11	0.613425925925926	0.0026698249750786	0.995666542138662
chr2:133403686:133403797	0.000958230751697624	0.382175975208762	0.0682355656098829	0.848503958211503
chr15:96886932:96886978	0.000498087988730507	0.427083333333333	0.0363325281803543	0.921598436312303
chr13:58205958:58206058	5.12740131566163e-06	0.375	0.00194107221281134	0.994850462430596
chr20:48622341:48622409	1.76331963988191e-05	0.529761904761905	0.02493961352657	0.955039579477769
chr4:62067990:62068016	2.46985430045847e-11	0.327115864087277	0.00649072379448096	0.980543778119929
chr19:30171545:30171567	0.000413400162762042	0.505208333333333	0.0306168614735548	0.942860354887588
chr9:129233598:129233661	8.35514647193759e-06	0.337980410112763	0.0137306695718614	0.960960372405175
chr20:59827586:59827624	1.02846527024417e-06	0.479940476190476	0.0132458056632918	0.973142388280745
chr11:46367940:46367974	8.62569864669504e-05	0.486111111111111	0.0421002352335056	0.920296609444587
chr9:95821885:95821901	9.88835935046507e-13	0.351298010090764	0.0147289585100152	0.959759909040801
chr3:125075957:125076054	0.000163957427625799	0.51152358972549	0.021046008580321	0.960482144216884
chr10:81002635:81002694	7.73319623112392e-07	0.502101113172542	0.00423427788088534	0.991637404859107
chr9:134465995:134466015	0.000172520994448902	0.542857142857143	0.0530262653850827	0.911012347966689
chr5:3606576:3606611	7.76282394364559e-05	0.486151785517096	0.0384399500269664	0.926724064787068
chr3:68981735:68981774	0.000245711151969162	0.37453231292517	0.019816172121417	0.949749592371133
chr20:56247297:56247315	2.43075024755104e-06	0.519014876939485	0.0480337276710255	0.915291692316184
chr19:13125032:13125104	7.58903784612326e-07	0.420537448662449	0.00932107454316139	0.978315948062049
chr13:95364358:95364385	2.31283915859864e-05	0.330458329960001	0.00659153546242875	0.980443441346083
chr16:56659624:56659647	6.94125911435374e-06	0.378125	0.00772939524506878	0.979968103667292
chr22:23558969:23559146	2.4753916218009e-14	0.614991156121503	0.0368297632988999	0.943497113698577
chr12:124941370:124941476	5.32283613639838e-06	0.452628060969515	0.0352086390450926	0.927826998165496
chr9:130667243:130667327	4.89341200858155e-05	0.517510144928361	0.0460965347322437	0.918211518074977
chr6:32813530:32813577	7.65059030312252e-07	0.566771298742266	0.0484301775894595	0.92127753353546
chr2:197106695:197106907	1.86058841159599e-07	0.739771669870493	0.0703290063585493	0.913184856620629
chr16:68318872:68318933	4.93171575019946e-21	0.42565294899236	0.0161898158275711	0.963358422686475
chr12:12163189:12163248	7.09475367188109e-07	0.416269841269841	0.0161912268780048	0.962560267107167
chr20:31215990:31216058	3.41604521728711e-05	0.471620546457372	0.097309899490606	0.82895993669584
chr17:78238406:78238540	2.19153880674763e-07	0.506039268545855	0.0373919664661978	0.931192827984265
chr1:9910785:9910800	1.53029620928577e-05	0.624136300278773	0.104814973963566	0.856211275475842
chr8:22547919:22547980	0.000304804628520702	0.415671858098195	0.0864132559997863	0.82789122088387
chr4:2801307:2801417	0.00067815065836104	0.466372735629784	0.0617540325956255	0.883069678889542
chr4:85419917:85419951	0.000592024102473341	0.442207438530968	0.0621198564176505	0.876826304981214
chr7:45068249:45068308	6.6360158826243e-24	0.558238459525224	0.0238144815043952	0.959085368656898
chr3:9595511:9595532	5.21037888423525e-06	0.375	0.00188411398199024	0.995000813480612
chr19:41641865:41641879	9.20128154176711e-06	0.5	0.0358619138419591	0.933076203186675
chr12:66276079:66276191	3.62648511179182e-06	0.327132936507937	0.00589377392544272	0.982302398754223
chr20:61638096:61638108	4.558937350612e-06	0.595149887144103	0.0822616913586726	0.878564680662104
chr14:30396568:30396619	0.000158869087025625	0.319773351648352	0.00899371282240701	0.972644118604505
chr3:195627634:195627732	1.46226892888934e-05	0.501812738220249	0.0404345112896888	0.925431597253408
chr2:39187231:39187239	7.778584646451e-09	0.426063573951086	0.0294705588098257	0.935305487140536
chr7:152622786:152622794	7.05763088655693e-08	0.418171296296296	0.00376388454866969	0.991079472109597
chr10:31074290:31074303	6.10270622875105e-10	0.5	0.00650237251167	0.987162207198703
chr13:112726560:112726579	6.5238968748533e-06	0.385227272727273	0.011129758230735	0.971919866783153
chr7:102066465:102066505	4.33055139751893e-16	0.40539869435533	0.0112803749675715	0.972927905915932
chr17:27912311:27912415	6.12400949253223e-07	0.473387653594081	0.0510588579194343	0.902642391934152
chr1:169637173:169637186	0.000720238362668233	0.631856378200992	0.11591082350253	0.844990762849095
chr6:10391058:10391093	2.52318456951683e-11	0.646428571428571	0.0341602224027157	0.949807838870789
chr12:7068301:7068310	1.2139577081668e-05	0.594665972325547	0.068504846278916	0.896701054453703
chr10:118031044:118031062	7.61243538981592e-05	0.314640110771063	0.00270618229566969	0.991472462874805
chr16:75414553:75414753	1.89658979486634e-05	0.675531929830461	0.0600710183259028	0.918337714012079
chr9:117693070:117693110	7.57851129947966e-09	0.604820843607175	0.0219419065850496	0.964991686920896
chr1:119532590:119532655	2.50773457165431e-05	0.373170383076043	0.0493845536698335	0.883128678959126
chr3:46506248:46506285	4.06129779934915e-06	0.421481481481481	0.0145347863253109	0.96666457791031
chr14:103568958:103569000	2.06316770231016e-06	0.38287037037037	0.00897587416609156	0.977093377080315
chr7:100946173:100946190	0.000342614578964661	0.368215811965812	0.0674757430581402	0.845129559478309
chr9:139741469:139741493	0.000439010901399351	0.523892147482092	0.155032705669775	0.771649682656269
chr2:73518525:73518557	3.82710338377109e-09	0.459329405162739	0.000115331832663007	0.999748975614745
chr12:51717855:51717865	1.00421739992715e-09	0.370178132167735	0.00847193801896461	0.977625943619164
chr8:41559482:41559550	9.06168753223924e-13	0.745	0.00135764750930382	0.998180969252698
chr4:8874678:8874687	3.26646982318382e-05	0.331123737373737	0.0189782805160083	0.945792141872244
chr6:27114547:27114655	0.000169474791320948	0.36869452113139	0.0649271681878273	0.850267710801638
chr19:17439683:17439702	1.04547651428889e-07	0.355841099513711	0.00527780459399882	0.985384856527963
chr5:176858541:176858704	1.98870519701185e-05	0.448346667753449	0.0600461629253337	0.881890224838216
chr1:154379469:154379696	7.54956657095265e-05	0.495374940731929	0.0774619746933781	0.864774820533579
chr9:92099055:92099114	4.69462100562411e-12	0.434402698544476	0.00875126600071134	0.980252312512441
chr1:221050180:221050273	2.04810524773291e-12	0.319040912412173	0.0169655255299381	0.949508331941958
chr5:2748507:2748516	5.52507820096249e-16	0.573849303698102	0.0182685439678726	0.96914711481864
chr22:47070535:47070641	1.86964867842532e-23	0.49187486181412	0.012043795177991	0.976099723614362
chr9:127258187:127258274	9.43830969124332e-16	0.640149062740257	0.0304070514143997	0.954653979327692
chr7:71801154:71801190	8.76987667790807e-06	0.366666666666667	0.00892223147482614	0.976244687958096
chr19:36822745:36822770	8.677713252218e-07	0.318253968253968	0.00113043225679507	0.996460590263685
chr15:70550975:70551061	2.29620463707431e-06	0.391003787878788	0.0332701441413629	0.921583341255614
chr7:153583755:153583761	1.80169431169623e-05	0.34312865497076	0.00186231637167628	0.994601840261414
chr19:3180518:3180708	1.57616573008104e-07	0.443080835254319	0.0172860570540038	0.962451563431658
chr4:3304775:3304980	5.25697061965939e-06	0.451988657003595	0.0368000603795786	0.92471172293707
chr10:17038608:17038717	1.00315125808523e-08	0.661793398640654	0.0434861374092488	0.938341983303806
chr2:129037557:129037569	0.000750029532386182	0.567074671523824	0.148362768471464	0.792626496493612
chr7:1959874:1959887	6.94739358058529e-19	0.601805925807327	0.0149006377460705	0.975838366856006
chr13:24839234:24839455	2.80588509417769e-06	0.526609954587896	0.0471905082681034	0.917757981523368
chr8:140715625:140715646	1.4219094642381e-06	0.309388812941444	0.00404533487783165	0.987093509415049
chr9:134148683:134148714	3.95352830447886e-09	0.434698795791504	0.023977251107239	0.947725085560153
chr8:132054036:132054055	1.52488392234848e-08	0.397758838383839	0.0128757746687495	0.968644205190027
chr1:207842657:207842691	2.30950955746063e-06	0.397916666666667	0.0327607573770204	0.923932029987954
chr3:195313667:195313820	8.59609431459313e-08	0.607404586154586	0.066233585928283	0.901677801714397
chr19:48167510:48167671	1.37360351522276e-05	0.525437925170068	0.0558684404159345	0.903891572975268
chr15:59816811:59816990	8.88905587426188e-07	0.770364259625464	0.0889357072088075	0.896502140531375
chr16:85296061:85296086	3.95611005261049e-08	0.471260184918521	0.0252826264126179	0.949082685650327
chr19:49839124:49839203	4.44699558472603e-14	0.626285939382073	0.0178822215402797	0.972239823969761
chr16:50308403:50308417	4.25320103181514e-10	0.623394582470669	0.0403765695361892	0.939170948580525
chr8:128929859:128929964	1.66926170688317e-06	0.432584809492274	0.00447704028662563	0.989756506341401
chr19:16197083:16197146	4.26979327724052e-12	0.561902261070922	0.0307609763866758	0.948097039865955
chr9:132625605:132625698	0.00054727983137293	0.474583333333333	0.0474764366068714	0.909059384881717
chr3:150263199:150263398	8.56840405175614e-09	0.454591836734694	0.00258268301746562	0.994350772175873
chr1:27160026:27160126	1.44899948297579e-06	0.404995087019457	0.0436868801358762	0.902632859499896
chr7:81417609:81417823	1.74044976732428e-09	0.92063492063492	0.0788138395297146	0.921142691180354
chr19:55485208:55485344	0.000353784336224036	0.519029374201788	0.0764927551088818	0.871553463181252
chr5:140871224:140871238	2.04810524773291e-12	0.618318798696893	0.0531602180853454	0.920831155171323
chr6:20024224:20024319	3.01752362051454e-15	0.439674207235703	0.0150509407244602	0.966901015279281
chr17:61778354:61778366	2.1012520272815e-10	0.3125	0.00537184191986734	0.983100604673183
chr19:35505322:35505399	0.000499696419264256	0.6625	0.110663606108219	0.85686909570763
chr11:119580472:119580588	3.34731415931307e-06	0.429359066859067	0.0400912260673773	0.914599635634568
chr16:31488816:31488849	9.23408185482517e-06	0.426670275984151	0.0347906497774095	0.924607593329828
chr12:131464602:131464618	1.35915585600683e-09	0.635178571428571	0.0323110042957998	0.951593245091902
chr10:133528489:133528587	0.000599586369367212	0.526805260893639	0.0828371645317886	0.86412171942597
chr19:29284698:29284703	2.50327699150995e-05	0.404761904761905	0.0220468811773846	0.948344828167336
chr4:2814877:2814968	1.00782730248466e-05	0.723958333333333	0.065961184466467	0.916496322751726
chr8:132052589:132052738	8.25544315894187e-06	0.365874344739804	0.00729238336704326	0.980458109424602
chr8:142339677:142339715	0.000391712760353275	0.402216044857174	0.0402574594667102	0.909017242674847
chr22:50319433:50319493	3.58123401911204e-05	0.682207116653274	0.082148977249268	0.89252525373371
chr6:109698879:109699119	4.4906024976012e-06	0.548301644551418	0.0830362357642092	0.868475758618037
chr1:1476095:1476154	1.06324750170736e-06	0.379403012970919	0.00248100209739882	0.993503257535001
chr1:170630065:170630080	6.08235088977494e-10	0.421707937332937	0.0225021930125609	0.949343359200163
chr8:145016295:145016324	4.29062519500869e-05	0.33384479717813	0.0047798595879785	0.985884490415948
chr10:43578285:43578402	3.44450535625973e-10	0.430689884820046	0.0298891344478356	0.935105306152794
chr2:105480382:105480390	0.000413689895290443	0.398919674168229	0.0326763112089199	0.92428958489879
chr19:30537774:30537836	0.000114772662896896	0.329094548102837	0.0228388463335546	0.935104634301243
chr8:11566273:11566285	2.47049560482261e-05	0.370335323113101	0.023942756311689	0.939274442173861
chr13:112726834:112726848	3.38569125460604e-07	0.422222222222222	0.010056305597658	0.976736513727908
chr16:29160257:29160326	5.24399202836258e-13	0.603045059116039	0.0201106451392493	0.967727736419772
chr11:70672834:70672890	3.94014298159246e-06	0.548861552146063	0.0635866346367767	0.896176303548559
chr12:39539256:39539268	4.22552733778664e-06	0.381944444444445	0.00251462663658783	0.993459312510127
chr14:48143617:48143641	3.47043538273339e-11	0.631944444444444	0.00186871487725525	0.997051631305265
chr8:898406:898416	0.000498659703347867	0.49297521020082	0.0573803039959312	0.895739567396398
chr20:22557745:22557769	7.63606238351106e-10	0.583333333333333	0.00452618838488404	0.992300561243518
chr9:100619909:100619942	3.46156796664327e-09	0.497078144078144	0.009680394082568	0.980897422828428
chr6:14739326:14739369	0.000159329941180575	0.83207228264773	0.218107866850087	0.792313854956806
chr6:15404226:15404329	2.5467496440475e-05	0.325553902116402	0.000503233362555581	0.998456609876621
chr10:7454336:7454368	1.06441754981114e-08	0.458333333333333	0.00660100864552209	0.985802277763723
chr3:67706421:67706705	2.06623134761062e-10	0.430265977030208	0.0134758195687199	0.969631394491108
chr7:2127517:2127663	0.000171599008639911	0.655184587007558	0.0901216849776553	0.879081005534
chr22:29563382:29563425	7.9966686956305e-05	0.598643827965371	0.0701136102076935	0.895158384482074
chr17:70112343:70112463	1.49915528498234e-10	0.419666075208947	0.0083706708730616	0.980444036756933
chr11:47176741:47176841	0.00010462991897194	0.396875006245029	0.0530435645731294	0.882104078352063
chr2:119602826:119602837	1.10219758066124e-05	0.36064296601381	0.0174442542027318	0.95386182534088
chr14:91580279:91580507	3.46477051053865e-06	0.38652358972549	0.00741766073174072	0.981170642264217
chr17:10021069:10021253	3.44266507699276e-05	0.440061721904392	0.0494403354721894	0.898998717723153
chr14:70756090:70756120	1.24752313714967e-09	0.36038692452421	0.0246845780725544	0.935896118237544
chr19:681393:681413	6.25225455108588e-08	0.387030638884729	0.0248262297502911	0.939721219576669
chr2:242140582:242140589	4.40326565952e-06	0.672061072017491	0.112722461855708	0.85636489937629
chr8:134510944:134511107	3.04421822736095e-08	0.42762682986387	0.0159832274722206	0.963970096692124
chr9:136710340:136710362	6.50266894312128e-12	0.42440875019674	0.0157706125780106	0.964172303584163
chr15:31658049:31658168	8.43052980221621e-07	0.5	0.00134921156410092	0.99730883876352
chr3:33096823:33096896	2.92254153678409e-05	0.368477982572367	0.0173851646322676	0.954944739454354
chr5:130593040:130593085	5.98022732541724e-09	0.433859413047916	0.029757172896809	0.935815124396009
chr20:62199474:62199549	5.94344616132648e-12	0.416120658334764	0.030861627689843	0.930955591183888
chr12:4647687:4648274	2.63850719303003e-05	0.333387533875339	0.000642579428479527	0.998076282937116
chr12:45444497:45444506	7.76145820480164e-08	0.425	0.00259735780629245	0.99392569257299
chr15:74695427:74695471	8.68645198055006e-10	0.506944444444444	0.0093986390761106	0.981797685732462
chr7:73443734:73443767	5.83457871936959e-06	0.5	0.0166436103483205	0.967785123023007
chr19:1068467:1068484	2.83159602403833e-10	0.413616625310174	0.0208412078813327	0.952029388610089
chr12:121530481:121530644	1.47085622098646e-06	0.59378327313967	0.0936683981036146	0.863745479105155
chr10:13701335:13701356	2.3273524720091e-08	0.357075451035822	0.0434013751712023	0.891625751276889
chr7:102066851:102066981	1.74559519295554e-05	0.342592592592593	0.00072463768115942	0.997889305816135
chr1:33219502:33219520	8.00475553583956e-08	0.456646574100134	0.0391181108679013	0.92109540664353
chr17:16118613:16118676	0.00035882721619999	0.3125	0.0118405189271616	0.963493556197274
chr8:66864145:66864243	6.14086702307365e-14	0.601984126984127	0.0162833345524049	0.973662960505899
chr20:5843935:5843965	5.1182583570501e-05	0.454666066642004	0.0620206758473905	0.879964646376303
chr7:45067930:45067978	1.43346661633011e-06	0.5625	0.0308414051659869	0.948020810788758
chr4:186818095:186818294	0.000225331453384278	0.510294087332064	0.0576309211343245	0.898523713033963
chr6:166582771:166582783	8.97484860693011e-06	0.35	0.00911092269361447	0.974629224237249
chr11:65407733:65407962	0.000728981737006782	0.425597440327553	0.0338981975071076	0.926227379074042
chr19:57182975:57183010	3.34616698400835e-07	0.329175131573212	0.0126420076891028	0.963015290232708
chr10:96990630:96990718	2.03804476588347e-08	0.450896485483365	0.0343958368642564	0.929123467896906
chr6:151004402:151004610	4.13213770211112e-15	0.575244543230982	0.0360819625448526	0.940977591836852
chr8:57025563:57025929	2.35888961040043e-06	0.353917518629373	0.000767657540779152	0.997835664999963
chr11:65408444:65408551	4.18620547180269e-08	0.349571327302032	0.0165191896398709	0.954876761687623
chr11:130271850:130271875	0.000381848298127982	0.479166666666667	0.065698387201744	0.879422644679997
chr4:7651988:7652061	4.19818185143115e-10	0.629810883729073	0.0429332080867558	0.936181961894495
chr17:40441433:40441470	1.10706982859625e-13	0.314973553385553	0.0126197835434154	0.961477288696651
chr1:47900111:47900152	9.8676396062866e-05	0.4422467523011	0.0543577879504207	0.890541097504084
chr4:126237370:126237421	1.93672278061007e-06	0.453703703703704	0.0203979195458505	0.956975638669953
chr16:54967319:54967361	3.32700121133377e-11	0.498165572323548	0.0118506667814872	0.976764138329629
chr20:44037518:44037624	7.42569925464031e-10	0.502052606824655	0.0590531917773865	0.894755691485432
chr12:49627611:49627624	0.000759703459308753	0.687367903504788	0.1896213461821	0.783781447435301
chr4:8263785:8263806	0.000390639610278083	0.499929971988796	0.104582494512876	0.826996959850808
chr16:2317671:2317694	1.33351745090824e-05	0.541666666666667	0.0568831529988813	0.904965048639283
chr10:22542557:22542582	9.13578045673672e-11	0.630555555555556	0.0211572787862085	0.967535887477837
chr3:65342509:65342531	0.000824617569319464	0.446847041847042	0.0513481343072498	0.896931691102229
chr1:18869017:18869064	0.000381092931318574	0.358333333333334	0.0442723692203257	0.890035414452618
chr1:24229465:24229476	8.79704955680204e-05	0.375	0.0112280951027754	0.970928849441189
chr2:96987068:96987098	9.48932041317951e-07	0.386111111111111	0.00800206103073611	0.979696032519674
chr2:144694722:144694809	2.02633192968825e-05	0.338492063492064	0.000203105009223271	0.999400330952101
chr19:7402397:7402414	0.000378778797304087	0.531177234064329	0.0705426326960582	0.882764993158936
chr19:22605150:22605168	2.08778439416863e-06	0.372067024410774	0.0171449658768499	0.955949543424446
chr11:62212143:62212195	1.6616690537081e-06	0.329153432652019	0.0074986524590857	0.977725810144289
chr13:21050140:21050156	1.20860254774687e-05	0.387515262515263	0.0235657395352416	0.942673732384387
chr18:11751607:11751618	1.06225263735704e-05	0.376837606837607	0.0105969210125801	0.972648485741886
chr14:69260675:69260712	4.03023073883633e-06	0.5	0.016010393764676	0.968972730088112
chr11:118589442:118589599	3.33232467830778e-05	0.770833333333333	0.120257454710063	0.865044666240892
chr5:158532220:158532240	2.50137622537462e-09	0.513087606837607	0.00252113526570048	0.995110371373037
chr10:126300538:126300694	1.80565942483574e-05	0.395833333333333	0.0418736285855851	0.904334104255482
chr2:242785210:242785261	4.83814224624526e-05	0.317115384615385	0.00350454795472684	0.98906946325316
chr2:43361206:43361308	3.33430263776472e-05	0.467227470108484	0.016709878826312	0.96547098738485
chr6:37534044:37534257	1.04876741467768e-06	0.47479797979798	0.00545519021351553	0.988641011545254
chr3:126113813:126113835	2.02284992051729e-08	0.426455403915082	0.00641371292471603	0.985183251298822
chr6:25042095:25042140	0.000570402013431261	0.44408897964149	0.0637634952322528	0.874444846905383
chr17:33700564:33700621	1.41131653066403e-07	0.447916666666667	0.0109118032547597	0.976218120779148
chr11:111411876:111412047	1.26739666406197e-06	0.429811722668865	0.000189252797978084	0.999559878212433
chr1:6464912:6464939	7.70234508410287e-06	0.351801367503268	0.00101886625427157	0.997112222721978
chr5:122422290:122422309	2.24848618981839e-08	0.486842105263158	0.0312133637865444	0.939748992817698
chr22:20078423:20078511	0.00044323968556944	0.600562604239248	0.148018264076276	0.802268171227311
chr16:29675880:29675899	1.10226410641903e-05	0.536574890448653	0.0416035001098366	0.928043834240069
chr9:14346053:14346085	1.06266351987012e-09	0.359384014615386	0.0284527410771371	0.926637327020922
chr19:11708610:11708736	2.63497913348489e-10	0.500631313131313	0.000224166819979031	0.99955243213072
chr16:66621433:66621441	4.50544258657106e-08	0.556431027739956	0.0556339881711311	0.909104446872662
chr14:105528116:105528216	3.81861900444401e-05	0.433333333333333	0.0323288486524813	0.930574459547874
chr22:20785437:20785462	8.26462124477377e-09	0.351850752236316	0.000305484106660169	0.999132532452549
chr21:45313897:45313960	0.000950135286874591	0.765089517072586	0.172451068614827	0.816060156490842
chr19:35644806:35644813	3.32598016046505e-07	0.51152358972549	0.000383330868579316	0.99925117076336
chr17:643532:643598	5.93702661720462e-05	0.640507099073164	0.07411493180461	0.896287927600589
chr6:1625110:1625384	1.26275509294957e-07	0.444145525582246	0.0109775622786082	0.97588001450288
chr22:30662059:30662077	1.05441475965004e-06	0.42223759466583	0.0408045494895436	0.91187724485862
chr20:46044275:46044343	7.47777459744057e-06	0.514567753621214	0.0432224189610306	0.922511329375102
chr16:88767062:88767096	1.08517524167758e-15	0.653665732479219	0.0111559082368824	0.983219697504332
chr2:8715562:8715637	8.31177103552505e-08	0.617137848879471	0.0435158103709127	0.93413218898948
chr14:73180829:73180984	0.000532818470989165	0.428985658976791	0.0634791314055932	0.871099147298828
chr19:31829135:31829319	0.000343419834043799	0.393427949985228	0.0599847218600362	0.867703913929192
chr8:145900685:145900715	3.8598453044372e-12	0.483222423221043	0.0439026546519186	0.91671302221273
chr12:2030316:2030331	5.02929114710911e-19	0.391956567573266	0.0150185888980333	0.963097037597447
chr9:130539913:130539935	6.27408568200111e-09	0.389030339176998	0.0305480516710234	0.927193458153834
chr10:134827218:134827246	1.75225387816323e-06	0.425073099415205	0.0133966696610144	0.969446765533599
chr6:26722714:26722740	9.06168753223924e-13	0.75	0.00158563507748291	0.997890280224263
chr10:11207315:11207413	3.27915444776559e-10	0.625	0.0104545553652697	0.983547910268327
chr7:644133:644190	3.38069213607667e-05	0.34024383002884	0.0396027705062809	0.895740094947568
chr8:22976452:22976577	1.15353557190111e-07	0.441145746728054	0.0287793029704888	0.938757674252627
chr11:65408666:65408781	0.000117264505287403	0.505881029359345	0.0695068175055208	0.879200059778383
chr4:3387340:3387383	1.10521229520319e-07	0.346513298583267	0.0202798926394988	0.944710280548305
chr17:79259434:79259491	0.00043778161139451	0.50062456701772	0.0394870159394456	0.926891003293708
chr12:117032140:117032181	7.83177670304966e-06	0.563618465350573	0.0409916351540168	0.932201537619358
chr2:85992729:85992760	1.28957739071712e-15	0.356646825396825	0.00509740236128795	0.985908821841115
chr3:194118821:194118923	3.42557435435526e-05	0.332291202351656	0.00616817360306226	0.981775734279297
chr5:92908827:92908853	0.000344745202909056	0.407430375984767	0.0282049197083622	0.935255659981623
chr17:40937467:40937479	5.88124197561827e-06	0.455292076344708	0.0135367348910713	0.971126486754536
chr22:42095558:42095578	0.000941947714578567	0.405803038303726	0.0678154421396303	0.856814197629814
chr22:37881408:37881495	4.14132048188135e-07	0.347159439925458	0.0208465243048747	0.943352754218334
chr19:908886:908901	0.000888576701072768	0.383890499880096	0.0514419386953538	0.881832976050008
chr1:224804868:224804896	2.60989937995748e-06	0.381543803418804	0.00916671627161125	0.976538342814842
chr11:47416527:47416633	7.14590738324872e-06	0.522035289816028	0.0501165752744308	0.912406865498014
chr5:76249738:76249763	0.000176705358718712	0.383928571428572	0.0488923782242196	0.88703786574231
chr17:79420888:79420920	2.89838035336577e-08	0.324960400876858	0.0212747357788508	0.938554082106329
chr13:37248265:37248280	1.12357434847809e-08	0.375	0.0117730764752003	0.969560765236059
chr14:106328280:106328426	4.12071733547621e-06	0.403845987323584	0.00929642695762341	0.977498250878459
chr20:55965241:55965253	1.64892891318325e-08	0.341635590416123	0.011271177544112	0.96806188328646
chr3:16883944:16884162	1.06355281444428e-05	0.410712116357617	0.0328657633377216	0.925907569240615
chr21:45577764:45577826	4.26821993675351e-07	0.598186248803845	0.0428849281891925	0.93310426403766
chr7:632944:632992	0.000430439416344558	0.416616915197574	0.0727634168275212	0.851315199925546
chr5:143584805:143584841	1.8509179996099e-06	0.38652358972549	0.000806666424515395	0.99791736790063
chr19:3179929:3179985	2.48473319145464e-14	0.459460360720865	0.0201361549922745	0.958014384315672
chr8:687582:687636	7.76145820480164e-08	0.497281746031746	0.00143235881151085	0.997127895927545
chr3:239683:239720	3.60810821440231e-06	0.618353174603175	0.0272934038057802	0.957727021688803
chr6:134638965:134639181	3.80669048064429e-06	0.331704817608384	0.00717115685096315	0.978838402862864
chr17:73839230:73839273	4.18588515533385e-06	0.829876305276552	0.121828704530096	0.871989005758363
chr11:1332237:1332286	0.000380777362612707	0.505555555555556	0.073821524385841	0.872584665597562
chr2:73928331:73928354	5.27231973115447e-09	0.5435507424561	0.0596569325328952	0.901100508155863
chr2:47206751:47206855	8.61937400078181e-05	0.59023279898746	0.101132939447782	0.853720058970995
chr5:45696095:45696108	5.57936201980523e-08	0.374419593953593	0.00839909640076765	0.978059858067554
chr21:44819374:44819432	2.96451075688022e-06	0.613357717551266	0.0437199568684611	0.933463030977166
chr2:220313472:220313492	1.51266255639716e-20	0.405720198325634	0.0036317251258295	0.9911281102695
chr14:50829747:50830001	0.000351667394307447	0.350813492063492	0.0195415677964203	0.947235585754352
chr17:73839499:73839523	1.3009694856116e-16	0.593650793650794	0.0127021497662588	0.979051557505969
chr7:2774625:2774646	0.000104548769119886	0.532739534212185	0.0985382984545669	0.843906607589396
chr18:11948030:11948038	1.19011952626857e-06	0.34435284214696	0.0363895334054996	0.90442478761998
chr20:62200085:62200109	0.000307185288214653	0.552354267662546	0.108261667980667	0.836120108311863
chr2:8723890:8723900	0.000175875211145649	0.565797893887389	0.083514473779349	0.87138012775045
chr2:99439256:99439395	1.50534114302794e-09	0.303668480785031	0.00074227023706736	0.997561616222242
chr2:12868764:12868800	0.000549251307278985	0.333125593626357	0.0281511962075368	0.922078591817426
chr6:166970726:166970758	0.000932533613082623	0.379735086533259	0.066454997161207	0.851061241408689
chr6:163670668:163670704	1.32341069408651e-05	0.410298000626818	0.0378510355913899	0.915539178861561
chr6:20024352:20024422	4.02615902591946e-07	0.358627042604841	0.0258275419582763	0.932820304412221
chr3:38081466:38081537	2.86391107571274e-06	0.650799560432246	0.0428761469503968	0.938189925790863
chr10:7452356:7452391	9.43898461492038e-07	0.476004947433519	0.0018673258078667	0.996092416504518
chr9:117266875:117266928	1.89019152841874e-05	0.342598318697736	0.0310069592815985	0.917006099460635
chr19:10870440:10870451	3.84833308118927e-10	0.389898730249607	0.0118822064828681	0.970426156652674
chr16:56313147:56313258	1.23144310016182e-06	0.568290043290044	0.088007845281396	0.86590259268857
chr8:65282679:65282693	1.00421739992715e-09	0.30650462962963	0.00407499578620128	0.986879384696452
chr7:3134380:3134520	1.33547573791703e-05	0.598040417913376	0.0950575498062559	0.862851206851745
chr5:92907787:92907881	3.39124271076211e-05	0.375	0.0170309268386237	0.956557185485434
chr19:48918187:48918247	3.72770348184357e-07	0.428314188248399	0.00908562744146267	0.979228094947564
chr19:42703701:42703778	1.82965507881633e-05	0.576503604198636	0.0516010657391538	0.91784639056375
chr4:76860974:76861103	2.79101683942939e-05	0.333333333333333	0.00149764425023812	0.995527163403319
chr2:45232449:45232493	7.07647927153954e-05	0.353174603174603	0.0218638748732762	0.941702315487519
chr4:134072180:134072187	1.17228950599001e-06	0.404647435897436	0.0121548148562215	0.970837933734179
chr6:20320098:20320141	0.0001442737552487	0.47898360160787	0.0850690498887351	0.849182430641855
chr8:121021099:121021235	1.6326270351386e-05	0.409615384615385	0.0299993114836278	0.931759989486632
chr19:3688173:3688181	1.73737808248852e-05	0.538838223392802	0.0755209453452906	0.877073625351092
chr17:46749238:46749330	1.48623944844866e-08	0.460584677419355	0.0162970949298181	0.96582571221052
chr22:17083004:17083118	6.98144527243866e-07	0.303248893848338	0.00274242863992792	0.991037560746406
chr2:26396378:26396462	0.000150912916452149	0.523809523809524	0.0249393986918852	0.954552259386311
chr9:123199341:123199387	0.00016841477236746	0.521022671022671	0.0384447998062297	0.931283225905395
chr22:50319330:50319373	7.36808180524699e-08	0.55325206043956	0.0360520971783681	0.93882259829271
chr8:8654900:8654936	1.65089360998734e-06	0.510132972436965	0.0476087066234248	0.914640220713593
chr3:194118678:194118738	1.93845505979779e-08	0.460725144420797	0.00213524800481322	0.995386842253615
chr4:104641038:104641088	9.53274804986772e-05	0.308346116249342	0.00227057977745134	0.992690091014118
chr22:40796311:40796475	1.3009694856116e-16	0.585488970942709	0.0192377049213424	0.968187768641337
chr1:221049959:221050007	9.5996610564504e-08	0.624844737352729	0.043873372816379	0.934391827962781
chr11:63637374:63637410	6.84895943122405e-10	0.358193105203975	0.015608151824596	0.958244785079995
chr9:36458494:36458734	2.78355008685108e-09	0.427714528679914	0.0258185270798296	0.943072446976154
chr8:142276277:142276297	3.18711952922726e-09	0.50564866168037	0.0421570077388439	0.923043863741792
chr3:133661417:133661556	1.08785944051232e-10	0.359252297410192	0.0256498478493723	0.933360080827622
chr20:34078658:34078800	0.000192847707626335	0.398031487553819	0.0363131416164028	0.916395555101542
chr15:64244503:64244684	1.38007403414235e-07	0.547650878533231	0.0768085658402659	0.876999913233235
chr6:132722899:132722939	1.19747236158579e-05	0.347222222222222	0.00525516664580436	0.98509076947409
chr8:98290100:98290333	6.1062630962717e-06	0.373735806747617	0.00378808292189572	0.989965978245213
chr2:109855158:109855264	1.79127049027436e-05	0.411473104556627	0.0272284709465016	0.937933956778536
chr14:105947833:105948009	2.51625486367299e-09	0.428897818754754	0.000514839901029159	0.998801060260681
chr10:15211845:15211889	0.00075411209746492	0.480168269230769	0.0421948999186851	0.919223057040202
chr11:117103752:117103819	3.93009782094821e-06	0.339099326599326	0.00187312523351137	0.994506520326077
chr5:140105521:140105626	0.0004689305256957	0.381944444444444	0.0361042228705272	0.91363631631117
chr5:39210397:39210475	1.65415417077844e-14	0.335059523809524	0.00583322876801138	0.98288837552601
chr8:53477183:53477232	3.37788929765496e-05	0.329184704184704	0.00524510635793726	0.98431627147883
chr19:3178758:3178780	1.69570561145967e-09	0.335326644617116	0.00324414631050787	0.990418115214194
chr3:122747227:122747238	2.02183837229589e-09	0.496258503401361	0.0026674563359346	0.994653602836503
chr19:10842275:10842325	1.17402557124799e-05	0.625	0.0480836019537327	0.928562214538934
chr14:73181172:73181203	1.9264663795135e-08	0.530578586004905	0.0313384934280732	0.944229327466436
chr6:20024006:20024141	8.19806997409101e-07	0.567238587970295	0.0527384130884555	0.914934887909724
chr3:14466352:14466387	3.91051964499126e-06	0.38910862225007	0.0163783992171933	0.959608080283488
chr22:44391923:44391940	1.87050069529119e-05	0.485227680815916	0.077743789627454	0.861904565845536
chr4:8202378:8202403	0.000889723937260186	0.446969696969697	0.0852462403014294	0.8398277196686
chr6:42335118:42335231	2.80355116237576e-06	0.370128056591518	0.0419092726303404	0.898287680124791
chr19:45901780:45901885	0.000377453562153091	0.341200565063342	0.0261380047870581	0.928844921463861
chr2:131797613:131797636	1.32553387190703e-09	0.355346709961501	0.0297998756053819	0.922627184760004
chr7:18126067:18126170	4.21267366443403e-07	0.513888888888889	0.00408777725059428	0.992108182630965
chr11:64290555:64290746	6.21282308871588e-05	0.505534221417549	0.0419262248950172	0.923416887599072
chr10:11212536:11212603	2.16262573658365e-11	0.544313736623032	0.0283399470899471	0.95051119394501
chr11:118798937:118799194	6.8003599294777e-05	0.375	0.0207141263792458	0.94765381117733
chr12:115109842:115109855	3.19724880885484e-12	0.367495687129949	0.0195221935638657	0.949557386007934
chr22:39148239:39148256	1.04168455653921e-12	0.380307988580047	0.0180281812911621	0.954741289757867
chr19:50058236:50058275	3.08969010996969e-07	0.422401921963298	0.0476793320079651	0.89857214767624
chr6:37551119:37551243	0.0001118172795522	0.544942897972253	0.0813924062206462	0.870049786949932
chr1:1118430:1118437	3.66514330217776e-11	0.601190476190476	0.0317926959642499	0.94977323669439
chr16:54967023:54967077	4.30187339478051e-08	0.441274232092219	0.017986105885441	0.960836796914268
chr2:65173733:65173818	2.69099949822075e-07	0.480327874144448	0.0192220178704172	0.961521325141543
chr8:57026038:57026118	1.47415920748672e-06	0.421581196581197	0.00597681127560641	0.986021051726838
chr2:66672481:66672520	3.32634768803632e-12	0.365107640659947	0.017448735790354	0.95438911265247
chr9:134128101:134128135	1.0194027880626e-17	0.389221688423712	0.00541906096832157	0.986268369455841
chr12:41086129:41086227	3.96762058922348e-10	0.58986531986532	0.00221398046398047	0.996260669030738
chr6:17962707:17962816	4.28416825240295e-05	0.388333516322647	0.0458596958596959	0.894379519133439
chr19:37742927:37742978	3.33063693765171e-05	0.32547619047619	0.0214803567516191	0.938089201880617
chr9:134150592:134150671	8.10475144220522e-06	0.368791208791209	0.0053238414874772	0.985769507311958
chr14:67955224:67955250	2.0517534468317e-05	0.504631129104813	0.0640313763538626	0.887400038266607
chr19:3179353:3179432	3.84833308118927e-10	0.427075317995152	0.0236237527593635	0.947584199098048
chr2:43397997:43398041	2.79947505494262e-09	0.368890565281668	0.0526821903642299	0.875034167510387
chr9:95728320:95728335	6.81908796928628e-11	0.343632407977203	0.00641590806339313	0.981671364296325
chr21:44819309:44819337	4.31573925503323e-08	0.422183901332731	0.0561628588267569	0.882589653564223
chr19:47152996:47153006	8.53356724444206e-09	0.498015873015873	0.0368312684451724	0.931136832208619
chr20:21687106:21687122	9.61578861690025e-07	0.437050087593566	0.017407963395956	0.961695114965941
chr11:63974228:63974540	1.12931184515523e-11	0.516765514019049	0.00940633799573612	0.982123068804008
chr19:4108900:4108936	5.27231973115447e-09	0.491071581549836	0.0116183034966329	0.976887731696533
chr20:3653378:3653398	1.43858462082304e-10	0.382836990201137	0.01026277107932	0.973892705897631
chr7:2758845:2758885	0.000105996223831142	0.525905325457392	0.0589337190533235	0.899230874534671
chr19:19571691:19571731	1.16521088287357e-08	0.332293460897393	0.021037715728419	0.940458931676163
chr6:166970525:166970559	5.1182583570501e-05	0.333333333333333	0.0100751603468995	0.970661295418392
chr17:21415130:21415142	0.00032072705740513	0.672790404040404	0.143692849277659	0.824010047121342
chr9:19493247:19493416	8.80620492469844e-06	0.370535714285714	0.0108282481566234	0.971606524939386
chr13:100613329:100613452	2.16341741317744e-06	0.397222222222222	0.0175383628788802	0.957714489975934
chr22:47070183:47070285	4.24061694445211e-07	0.358962502177465	0.0268239716894358	0.930469382659875
chr14:70654420:70654435	1.82710563074789e-05	0.342592592592593	0.00122539775612922	0.99643591146907
chr19:37498702:37498719	2.5202945222939e-05	0.381258262727199	0.0285911123753586	0.930239951279164
chr9:134148582:134148640	2.04630394114394e-20	0.740972222222222	0.0137544155319244	0.981775632601423
chr6:150465048:150465157	2.99027210301935e-05	0.333333333333333	0.00209652490223142	0.993749736790697
chr12:51763132:51763242	4.8931277620492e-07	0.516666666666667	0.0111273435014854	0.978917260735983
chr4:1210659:1210715	2.92756742476095e-22	0.387024238350508	0.0163153983755079	0.959549231243567
chr4:1210785:1210901	5.43642662498052e-06	0.506205280830281	0.0344387135850294	0.936300571280231
chr9:1045544:1045552	1.74874079067093e-05	0.375	0.0112174605525431	0.97095558409893
chr12:115109640:115109662	1.09941795110113e-11	0.506286150899351	0.020812273295632	0.960515394582297
chr2:208008443:208008573	5.5543757157047e-12	0.337629044584792	0.00375542353047079	0.988999430609119
chr13:28498832:28498881	1.72852496736489e-06	0.332505052965411	0.00701939519863891	0.979325803380005
chr12:115109783:115109814	8.1606592626094e-15	0.507951310984254	0.0311813092036451	0.942163935113446
chr2:213403539:213403621	2.61739067921253e-05	0.335555555555555	0.0022323354015442	0.993391310164438
chr19:39826266:39826272	6.78124093932322e-19	0.440355045753231	0.00648926518436844	0.985477570094264
chr7:156798241:156798342	8.06544197416694e-07	0.5	0.000329142456148267	0.999342148141656
chr1:91183790:91184000	7.26140192406295e-11	0.319158496732026	0.00517294052329649	0.984050449851322
chr8:28637012:28637063	0.000256608458998122	0.6320766176626	0.155017944935386	0.803050418206786
chr12:51718198:51718251	2.4269598288196e-07	0.65379510894448	0.0862222480548297	0.883486181453295
chr19:4109138:4109269	1.2039461607465e-09	0.48187963423606	0.0169160314449123	0.966086250124451
chr6:117086335:117086374	5.40259388564095e-06	0.313359430015513	0.0108213299599316	0.9666194565009
chr10:82116445:82116487	9.43898461492038e-07	0.428611111111111	0.000536690640052778	0.998749403730223
chr17:17295442:17295619	4.40330776447742e-10	0.397714080596267	0.0163985025671157	0.96040085900832
chr16:28996532:28996602	1.36141677008873e-08	0.611111111111111	0.0323318533203535	0.949751796029161
chr10:50494659:50494871	0.00025259108312135	0.657663345021296	0.14550243991552	0.818838846668541
chr18:9735515:9735556	4.23578905306019e-10	0.431454929869111	0.0265123013179926	0.942108737235916
chr2:43398069:43398085	6.84895943122405e-10	0.456341207905661	0.0455867268337829	0.909176748934192
chr6:90504290:90504359	4.94965593836212e-06	0.692948717948718	0.169049713172976	0.803886286715167
chr8:145106245:145106274	1.12931184515523e-11	0.323671341525819	0.00323288267595843	0.99011061211016
chr22:23558663:23558927	8.74922215841496e-09	0.488411368613837	0.0241105535587149	0.952957029708092
chr16:85169901:85170126	1.09809167985816e-09	0.490367464856994	0.0182606094099299	0.964098306141971
chr6:28367069:28367128	7.80518656844028e-08	0.472222222222222	0.0141846281102574	0.970837935155392
chr16:17331467:17331495	1.3992497900241e-14	0.558780055025239	0.0180146262952785	0.96876769693154
chr3:129295780:129295896	5.44043275342039e-05	0.350694444444444	0.0307217832420305	0.919453392352032
chr12:65005008:65005101	3.38596832564441e-11	0.627454062433054	0.000441726025509679	0.999296497868549
chr15:96890743:96890812	2.48473319145464e-14	0.410698531718353	0.0223510579481294	0.948386839564163
chr10:6213930:6214079	3.48654575478699e-06	0.495435877796945	0.0361539606158106	0.93198899225809
chr11:45114836:45114845	2.67350186394197e-08	0.5127442002442	0.0488017547472202	0.913093925237221
chr17:74511546:74511583	2.02413234735366e-11	0.415406749683065	0.00400641957653542	0.99044755894621
chr7:633049:633101	2.49721902960303e-08	0.369897234921025	0.0294817067692707	0.926181118502405
chr1:9764969:9765037	1.12250262780688e-05	0.572916666666667	0.0425692698814166	0.930836324026892
chr12:54392128:54392217	5.88061479980307e-07	0.571354888763562	0.0572482804916492	0.908927788958686
chr4:148402315:148402431	2.81304272681611e-08	0.473166444868418	0.00993632332931659	0.979432278216113
chr3:50313747:50313762	4.11835835101712e-11	0.360107570031012	0.0103265691566517	0.972123063011154
chr22:41809052:41809063	5.38595893031781e-06	0.5	0.0207517107154788	0.960150470390261
chr2:129492749:129492778	5.89904012646115e-05	0.354166666666667	0.0317878787442097	0.917638283776735
chr4:5894624:5894634	0.000335113481585709	0.45	0.0511445981554677	0.897944428925878
chr5:115151973:115152066	6.35984284910347e-10	0.588333333333333	0.00256412299715245	0.995660629488785
chr9:101822013:101822096	0.00017266418787107	0.475	0.0603749873543156	0.887228599056013
chr11:65661484:65661564	2.12164242437376e-07	0.37975712107509	0.0192712039031804	0.951704671831931
chr5:177989059:177989077	1.40332197070961e-11	0.522852147852148	0.0307193506313849	0.944506986512965
chr16:67197128:67197213	2.29201346230118e-07	0.448178323412698	0.00698636753810185	0.984650901801043
chr14:52294765:52294902	6.0650340596874e-07	0.443181818181818	0.0338089991842491	0.929120230508961
chr3:47029500:47029628	0.000320807023079618	0.374708479093786	0.0257479034652948	0.935703600724865
chr7:151328862:151328895	6.37314883494218e-06	0.376190476190476	0.00424612539115115	0.988838809479692
chr19:55553070:55553087	5.24399202836258e-13	0.576712791432045	0.0346802540736041	0.943276662486532
chr17:40822427:40822434	0.000220732424657795	0.579933393580196	0.102769530292537	0.849466690856453
chr19:3178517:3178545	4.33055139751893e-16	0.339072143510514	0.0172880717255502	0.951487088102419
chr4:55992152:55992233	3.58498274185549e-05	0.505	0.0172337094697343	0.967000005634962
chr13:29106180:29106363	0.000470737575041092	0.378623712738461	0.0387216584670805	0.907219149561359
chr2:102187418:102187570	9.50937420110815e-05	0.667724867724868	0.137424654840345	0.829317845954241
chr7:84815360:84815371	8.06544197416694e-07	0.5	0.000294340524575916	0.999411665292341
chr6:50787949:50787984	1.54187423503116e-06	0.336309523809524	0.0264342109270721	0.927127036539261
chr20:61992292:61992315	1.95633594202719e-08	0.340400663303929	0.00183412771503509	0.994640732727452
chr16:68390251:68390361	2.06450625059664e-14	0.427459845618804	0.0214601069537096	0.952196139131858
chr22:19710841:19710855	5.42366483888434e-05	0.333333333333333	0.00767139422030727	0.977503554641774
chr11:62609704:62609823	2.27387577346e-06	0.406412037037037	0.00367149758454107	0.991046951963265
chr19:38183192:38183418	7.50610313160303e-08	0.370319978795559	0.000768089489553823	0.997930169263853
chr10:12223668:12223715	7.22744879951066e-07	0.4514942185734	0.0775091960510026	0.853480726384281
