q.value	cancer.exp	normal.exp	weight
chr3:187676563:187676644	7.39806942400554e-19	0.369792588838598	0.00214304227064202	0.994238136679052
chr7:391332:391394	2.95538834218568e-13	0.415019376609298	0.00874271186692191	0.979368820135942
chr5:158478589:158478598	1.1233671456657e-08	0.398412698412698	0.000808925176428683	0.997973744084411
chr8:11565988:11565997	6.73994578534677e-06	0.35888432730595	0.0405340618535973	0.898517286750646
chr7:104581511:104581826	2.959868341954e-09	0.673411110576088	0.0678548826403046	0.908460818031219
chr7:5371156:5371187	9.40067996031914e-10	0.422689392393211	0.0143262479970839	0.967217997085209
chr21:38080525:38080550	2.67985636575297e-06	0.366726073669205	0.00838712715785768	0.977641077041902
chr8:17509194:17509223	2.95538834218568e-13	0.694111196449906	0.0363738860004955	0.950205846944225
chr7:103629308:103629366	0.000306490656108966	0.333333333333333	0.0219997316556749	0.938087012374276
chr5:140207807:140207820	1.66914523112507e-10	0.527066653891604	0.0561657469078758	0.903699199785737
chr20:62369207:62369221	2.77659122933378e-08	0.386349206349206	0.00209651873628717	0.994602801367358
chr17:79406164:79406253	1.09428156878902e-08	0.467407407407407	0.0871679987736897	0.842820294946103
chr16:29164276:29164303	2.3632231968367e-05	0.719268752615098	0.168494246043574	0.810203572013979
chr2:177017367:177017378	3.54297003894153e-08	0.537037037037037	0.0101362840920294	0.981475185831221
chr21:47971700:47971722	2.78894909974372e-05	0.649085362290493	0.0936083424760961	0.87396103955733
chr1:218098391:218098398	8.27227232606566e-07	0.321574216363001	0.0137887377141474	0.958884135690863
chr1:19251999:19252025	2.0247220821121e-06	0.794344122522027	0.213885835673191	0.787860067106062
chr8:96085373:96085420	6.39206219790186e-08	0.70204371571971	0.0690116130314676	0.910497197207312
chr19:18113497:18113578	1.1193267254734e-06	0.619443236033247	0.050082033232706	0.925197695245148
chr7:45018046:45018236	6.4360350698232e-09	0.427570969468432	0.0116461333856506	0.973484335400483
chr14:105640730:105640770	2.71392755856216e-05	0.571212121212121	0.0695084211421101	0.891515229265614
chr15:96865945:96865955	4.91234910282428e-07	0.334375	0.00786113267770876	0.977030091427804
chr12:125039261:125039301	7.19714247837223e-08	0.482111111111111	0.0275135920602396	0.946012051831426
chr17:33478115:33478142	0.000427912906865894	0.640166634915592	0.199316350558353	0.762572495205695
chr2:112124096:112124151	1.81561770112418e-07	0.535889395568833	0.0380824825510998	0.933650960956762
chr12:54071106:54071114	0.000279127112630612	0.483888888888889	0.0534632448153608	0.90050612724507
chr2:232186706:232186761	1.35406261503697e-06	0.699166666666667	0.0961445242584978	0.87911081177337
chr4:2814622:2814718	0.000104986376977362	0.398301354035058	0.0450237681273381	0.898440747260776
chr2:171570261:171570269	1.18144258094027e-08	0.371328976034858	0.0109236857008179	0.97142286556955
chr3:138663980:138664002	3.89258092221928e-08	0.389002742858984	0.00738933432293386	0.981358521654956
chr22:36773395:36773570	9.42696978760695e-09	0.452868821999257	0.0344084143707956	0.929386370216841
chr17:40822613:40822653	6.10068622152113e-05	0.486885188649669	0.106972813801337	0.819868026767624
chr19:12306143:12306166	5.80765546317617e-09	0.460579989395846	0.00347248059291521	0.99251705180451
chr22:20783998:20784048	2.98927142530447e-09	0.355831483045105	0.0525499024165325	0.871321504144638
chr1:154375706:154375773	8.89023897247447e-14	0.65191145390236	0.0185702564961568	0.972303112511273
chr17:76127253:76127408	1.3879651501825e-21	0.518891690387692	0.0138165870567696	0.97406350221729
chr1:45009127:45009259	0.000583905654924819	0.500833333333333	0.108613940283467	0.821782876082304
chr18:72916692:72916705	0.000487188730366711	0.530264625878302	0.102989904620339	0.837364125071095
chr14:93117847:93118042	3.64860181034511e-06	0.445860921357787	0.0297547736146072	0.937439462302996
chr2:109834010:109834148	6.83393925026667e-06	0.5	0.0408955926166586	0.924392815961357
chr4:8082086:8082177	1.98364226402786e-05	0.585313676495086	0.151152109187601	0.794760174707252
chr4:111532578:111532650	0.000120959019705969	0.384496002592511	0.0394363978533684	0.906974796425349
chr6:41515921:41515938	4.75080029762673e-08	0.30563878658243	0.00286698868038162	0.990706855721131
chr19:10624949:10624963	2.56085550610768e-08	0.335268221188932	0.0080117748771348	0.976661107641143
chr14:94254076:94254092	1.52463569172157e-08	0.355419090401375	0.0189250706838076	0.949444728538183
chr16:31488890:31488912	1.35406261503697e-06	0.50718352737489	0.0453963208765738	0.917846586298393
chr17:74141537:74141566	1.02552437149723e-14	0.383567101204087	0.0189176671085195	0.952997806133557
chr21:44819099:44819123	2.22603027393828e-11	0.522496360962748	0.0512707110993846	0.910641942356301
chr15:27136915:27136924	6.01372437048988e-05	0.381981940954048	0.0388159408182292	0.907756330296275
chr6:10393363:10393497	1.94016375134116e-06	0.626691719546964	0.0798229969675022	0.887018635137138
chr2:73147431:73147444	1.86312474530733e-07	0.433333333333333	0.00980590601431871	0.977871727115039
chr5:50694887:50694985	6.01005064559725e-06	0.354344536796774	0.00700414430221815	0.980616660116439
chr8:38757858:38757899	6.96206393000609e-14	0.373974278458284	0.0141502960797498	0.963541870296174
chr9:126785062:126785097	2.95796099921412e-05	0.404035319264853	0.00656693507625069	0.984006578125615
chr8:142276522:142276533	1.10365298696184e-10	0.430445866435603	0.0269326767469258	0.941115128489581
chr7:6066065:6066099	8.08350935269774e-05	0.495781889039997	0.0684272153433634	0.878720114915286
chr2:64632724:64632772	1.32374762353605e-06	0.643181138340775	0.0775174894029946	0.892441186344877
chr16:88758463:88758479	1.17481851582776e-13	0.805	0.0198084495118215	0.975984182117017
chr10:114136302:114136365	7.23911017924347e-11	0.571666666666667	0.00846820302667801	0.985403044241843
chr11:67804601:67804688	1.07878413946856e-05	0.331755912932383	0.0049381846972104	0.98533331967511
chr2:160761118:160761165	6.98518624013983e-08	0.477777777777778	0.00300276627088763	0.993754393125809
chr9:127265806:127265816	7.31597238802118e-07	0.442424242424242	0.0149684365945837	0.967274428994593
chr1:151870591:151870681	9.88860889449532e-05	0.844444444444445	0.222826075614613	0.791218747799496
chr5:110406515:110406530	7.11336431075115e-10	0.381042043722755	0.0396899504988164	0.905664529810123
chr19:58629492:58629522	1.04146844925277e-05	0.365924650796774	0.0362591426740914	0.909844346632734
chr21:46334450:46334460	3.59580661948407e-05	0.503517988382676	0.108558247324986	0.822639336422734
chr4:184828032:184828058	3.56686489570024e-15	0.383474366091679	0.00519034730339606	0.986645694542072
chr12:64784380:64784575	1.43236865301443e-06	0.39094750543962	0.000691872524833914	0.998233393872623
chr2:70057016:70057043	6.40463066359761e-06	0.584271708683473	0.0710923279737218	0.891522384511147
chr17:40822041:40822061	4.88224546681424e-05	0.603033205875859	0.150446799924641	0.800330733706987
chr2:25425395:25425417	2.77328879223297e-06	0.717620872202966	0.164824756116634	0.813218230305586
chr16:68028052:68028131	1.32257704171606e-12	0.508955647280455	0.0383724636672331	0.929891297560449
chr16:88769941:88770131	5.48817961899152e-07	0.310739406889927	0.00575252583113674	0.981824099648674
chr16:58535445:58535463	0.000200957409938036	0.425	0.0262541783507048	0.941819534066894
chr3:48520626:48520665	1.90980975513213e-18	0.635801169590643	0.0170569251867739	0.973873456845796
chr3:170137672:170137687	1.25166744154213e-08	0.519016090206061	0.00637905851409205	0.987858550788618
chr13:109793395:109793413	0.000515631841244334	0.385419884752253	0.0748819962535252	0.837319812619699
chr12:115333753:115333857	8.47689616742319e-06	0.497580943208559	0.0344015382625318	0.935333324948218
chr14:73712647:73712670	2.78191951439931e-08	0.360995501758317	0.00623991356350768	0.983008410128311
chr17:59482675:59482690	7.92059177340399e-05	0.420833333333333	0.0259751198881634	0.941865200398779
chr11:69229767:69229875	1.02923226084517e-06	0.401383033348757	0.0606022253579773	0.868822166474261
chr7:4248707:4248866	5.76306541834932e-07	0.566119271045832	0.0523795920543464	0.915311740765702
chr2:66666590:66666648	4.17550918167673e-10	0.344120499645408	0.00756071645234121	0.978501221827441
chr8:145900816:145901119	1.08682746619795e-18	0.438332014385432	0.012799289045267	0.9716284617185
chr5:139227605:139227613	6.90677569912352e-05	0.333333333333333	0.00550563311178474	0.983751475901528
chr17:72462820:72462912	6.88769863985547e-08	0.335154779860662	0.0159367387166787	0.954608021346525
chr7:150118268:150118346	2.00924969958884e-05	0.40603687978688	0.00165408882697949	0.995942787664384
chr2:235055127:235055264	4.76735051121963e-05	0.543781609650909	0.0603882927173915	0.900047499088131
chr5:2740503:2740527	2.65829645654261e-08	0.318518518518519	0.00248734759604325	0.992251395196761
chr5:3600942:3600993	4.37425397472277e-13	0.494590951532128	0.00539233248753079	0.989214974460389
chr2:129492325:129492360	6.84103032036038e-10	0.417468775532867	0.0284756094336779	0.936145379572804
chr3:44063876:44063942	3.99333600101163e-05	0.368888888888889	0.0287199984663753	0.927768218015927
chr15:59397205:59397420	8.88875911762184e-09	0.415467144577199	0.0085154996199483	0.979915452350477
chr6:30140204:30140224	7.35988112189315e-09	0.575136504310102	0.0708201671451178	0.890363904771549
chr18:77268249:77268311	1.22561777951603e-05	0.6	0.0313950203123264	0.950276737537784
chr11:69920045:69920065	5.61177046627798e-11	0.686901250423975	0.0434364100464694	0.9405255782394
chr19:55766296:55766320	9.58249239800829e-21	0.463052149139106	0.011496940776255	0.975772915762402
chr1:226900505:226900521	2.47539335940654e-08	0.515852433951115	0.0338660277725353	0.938393868624408
chr8:145638671:145638696	0.000913216289873458	0.431378230420377	0.0438864828031096	0.907658865507921
chr2:239755874:239755896	7.40675418306225e-07	0.411320892678102	0.0274995556015432	0.937333012375898
chr12:62584918:62584946	4.45266289925993e-05	0.356547619047619	0.0083885908345676	0.977013542072803
chr6:82528497:82528686	0.00028463786105983	0.444872342046492	0.058731859564055	0.883376946863771
chr6:157557373:157557415	1.24583425674835e-08	0.355087543369951	0.00280744544861166	0.992155672651692
chr11:36422794:36422937	5.85342655551742e-06	0.67597850348088	0.0844364569060611	0.888960026689776
chr21:20866872:20866975	2.20851068848948e-09	0.583760042034545	0.0541311079708396	0.915140525197155
chr19:58868331:58868347	1.61127126502048e-05	0.491063960359548	0.114611624016485	0.810770605629484
chr2:74642086:74642249	1.88334760826133e-08	0.453925987140206	0.00276493180021671	0.993945726342377
chr17:70216182:70216257	1.31540085737193e-06	0.36799053030303	0.00561496518897415	0.984970870994337
chr12:115103838:115103858	2.86302451713306e-05	0.316666666666667	0.0147006069417986	0.955636515393586
chr6:43597626:43597660	5.59373874571407e-06	0.375873015873016	0.00404467942659106	0.989353800897846
chr7:150329304:150329321	1.43629363989842e-06	0.386925296925297	0.00924591051720038	0.976661831189379
chr6:29521498:29521580	5.57532331361307e-09	0.376222338016752	0.00251032926208192	0.993371764627228
chr3:184504534:184504593	2.02559899584329e-06	0.353714499125067	0.0262482414669127	0.930918906874874
chr6:45631538:45631561	6.59233788281229e-10	0.437350787867579	0.00174414496556656	0.996027863600445
chr6:137814560:137814567	1.60877415920759e-08	0.331697838695215	0.0240298181097036	0.932448833679295
chr2:220313636:220313657	3.67965717051658e-09	0.456944444444444	0.00519196483870397	0.988765298006367
chr12:111099505:111099564	5.41844080829006e-09	0.52015873015873	0.0132667076407396	0.975129218255004
chr10:130832367:130832381	4.9893674807964e-05	0.415208091141595	0.0671725040165394	0.860747914217986
chr7:155556566:155556600	1.1368174852782e-09	0.616714374036649	0.0573501465978973	0.914918906362392
chr20:62473619:62473818	5.18530954204227e-06	0.669807394301206	0.0659268132448662	0.910393165672214
chr6:27835219:27835269	3.38813784713617e-08	0.343513719330811	0.00353853891409191	0.98980401703194
chr6:158411773:158411853	4.24498688248903e-08	0.807740429505135	0.178268708686882	0.819201768237399
chr8:142413012:142413121	3.50116103961835e-06	0.334668803418803	0.0124555480706638	0.964117907553248
chr9:95878444:95878480	0.000743047114676436	0.555953823953824	0.126931855749838	0.814124297049368
chr2:96812345:96812369	2.02436577248789e-06	0.604847980123741	0.0699262385353609	0.896370909555026
chr5:1878568:1878601	4.2419393839999e-05	0.415555555555556	0.0332835263246957	0.925845302540799
chr15:101513899:101513906	1.01503283573969e-08	0.474773379817501	0.00272428468930105	0.99429466384487
chr12:113675732:113675977	0.000161700348749408	0.566666666666667	0.075595282858323	0.882298362974434
chr16:68390618:68390663	2.85383850691098e-05	0.409370220422852	0.0447563432587974	0.901445220698051
chr20:22562975:22562988	0.00018963577995209	0.441462397802106	0.0448811727053316	0.907717146011607
chr17:44847184:44847220	9.24222933620478e-05	0.504116849932354	0.104120560591858	0.828815921562402
chr16:50715337:50715362	8.92168822950989e-06	0.583333333333333	0.054795188930463	0.914131421776801
chr14:69196490:69196670	0.000396397610942685	0.564017688967476	0.0914079347920841	0.860536525459956
chr2:19556014:19556079	8.26212884925304e-06	0.409473533002945	0.0648715061349857	0.863239834334765
chr17:79315001:79315013	4.51124519657182e-10	0.527777777777778	0.0206076628517752	0.962421207193033
chr13:19918950:19918984	6.28678380259094e-07	0.395518207282913	0.0309550868370066	0.927416118983754
chr20:23430250:23430307	3.18574245261671e-05	0.319611083414708	0.0143178122808107	0.957123170634907
chr8:33432560:33432573	9.41590197252506e-06	0.697478283855926	0.0867162155455835	0.889420015555115
chr15:57072647:57072802	6.22187088204782e-06	0.82020202020202	0.132015027952244	0.861360360846158
chr6:45631260:45631269	8.60514674692076e-09	0.354434110440318	0.00343955534346672	0.990388911863817
chr11:1779926:1779973	5.25068183408724e-06	0.443596135588327	0.0459834007016333	0.906075729696351
chr2:29237588:29237851	3.25684901018694e-06	0.454236713228001	0.0120679612732986	0.97412000794072
chr17:44846986:44847044	6.74505510723756e-06	0.384591166219782	0.0593257118666133	0.866358512606346
chr12:51717977:51718034	2.36005454732011e-09	0.344970620016815	0.025497124937605	0.931175857318585
chr16:50308506:50308653	1.97035398160254e-07	0.584844301894326	0.0458535142414116	0.927297172959383
chr2:220313356:220313384	1.94474266014256e-12	0.440358365827488	0.0107222477375022	0.9762298635431
chr3:196367690:196367895	8.63540070053363e-16	0.392093134591525	0.00592728865104032	0.985108079121287
chr5:171605385:171605414	3.60757718154882e-06	0.469403379840252	0.0466397088060514	0.909620514580676
chr8:96085706:96085722	2.86434296299301e-05	0.502777777777778	0.045385398457814	0.917204583552128
chr9:37903889:37903895	3.47943643819924e-10	0.4450068130249	0.0301039409576362	0.93663805606315
chr5:172659760:172659766	1.52806306406824e-09	0.574093567251462	0.00965055187391345	0.983467838805172
chr19:3369814:3369834	5.13627805096402e-06	0.463794683257919	0.0716366021600029	0.866207664529561
chr9:99449160:99449189	0.000369305827946967	0.366328208514117	0.0387021618679227	0.904446271939022
chr8:40999141:40999205	1.01526208978596e-06	0.524209346148351	0.0402628073046284	0.928671756333181
chr4:142526001:142526030	4.01666246600668e-07	0.676562346986455	0.0659399795107833	0.911192225050855
chr6:161787799:161787872	0.000433867148786356	0.595482114950953	0.117628447425952	0.835048793788892
chr18:379844:379940	1.15407614489916e-05	0.481571828966378	0.0528389406561251	0.901126729363165
chr3:128211534:128211604	7.21864858956263e-06	0.433108476064998	0.0328120988046617	0.929575767685639
chr2:133403686:133403797	1.06796724101619e-06	0.507604604664714	0.0682355656098829	0.881502595455708
chr8:61764645:61764655	0.000210940497661902	0.503721067374318	0.13401590879319	0.789857082462803
chr17:79450423:79450451	0.000153815132828511	0.417516339869281	0.0883793329386074	0.82530126725917
chr2:45231787:45231831	4.31611613152057e-07	0.41969696969697	0.0180363894154456	0.958795944974316
chr12:5997166:5997213	2.02527589984747e-05	0.483375162195969	0.0524747003721861	0.902072009273844
chr22:50050779:50050844	1.55712553366441e-07	0.467215559913947	0.0679028568119138	0.87310685880075
chr17:36105480:36105490	9.29139819071448e-07	0.328668322674982	0.00729181624528372	0.978295591052204
chr22:46367343:46367373	3.54297003894153e-08	0.442284712565537	0.00862724623934657	0.980867115917235
chr22:19753445:19753480	3.29657004217598e-07	0.31722154792857	0.00961730043359941	0.970574794025273
chr9:95821885:95821901	9.80726947071816e-17	0.425146716749537	0.0147289585100152	0.966515633078996
chr10:77167577:77167584	1.93719685523018e-08	0.347136197136197	0.000802476432164295	0.997693626799417
chr16:28505658:28505862	7.06905456214382e-17	0.394128324497183	0.0230013699609434	0.944857989573666
chr7:121950428:121950564	2.0704912533974e-06	0.346905790090685	0.0119677365914122	0.966651938073956
chr2:206950887:206950983	4.54577763575998e-05	0.350333333333333	0.00515708167775516	0.98549304999519
chr6:107956258:107956267	3.10758885615593e-09	0.390749113722392	0.0330761528657205	0.92195804386088
chr8:10588991:10589016	1.04467349682137e-12	0.327006413603247	0.00818130637626851	0.975591867217664
chr9:110350145:110350159	7.38069296300524e-05	0.462097061074911	0.0990486533023884	0.823488532898621
chr9:134465995:134466015	1.0716891949476e-05	0.53776455026455	0.0530262653850827	0.910245278057048
chr8:145901158:145901388	7.21959132414566e-12	0.636827005939617	0.0348820128979849	0.948069756516968
chr6:30431723:30431770	2.93557538323395e-08	0.574771768530546	0.0142321313300174	0.975836948900701
chr10:74078123:74078155	1.8980683074266e-08	0.406349206349206	0.0217570822039113	0.949178316727268
chr6:36737537:36737549	0.000233380702947584	0.52538324010493	0.0760531451230272	0.873547482342291
chr5:3606576:3606611	7.39363601240926e-05	0.421275437525438	0.0384399500269664	0.916383155604978
chr6:170404944:170404997	0.000363696661979601	0.443815279489216	0.0529180831717364	0.893467829726074
chr20:56247297:56247315	1.24583425674835e-08	0.529782424972032	0.0480337276710255	0.916870223424339
chr5:76373633:76373641	1.07878413946856e-05	0.373231215665426	0.0518387473806503	0.878046552597669
chr17:68164684:68164749	0.000659378685235578	0.407474415204678	0.0331078700717932	0.924854286751412
chr13:79181662:79181784	2.73205267395148e-06	0.583333333333333	0.0418322418983889	0.933086139807229
chr6:1384169:1384189	2.67848662830019e-07	0.457452633653421	0.0208037259282958	0.95650089013664
chr22:23558969:23559146	0.00043638530513303	0.386666666666667	0.0368297632988999	0.913034064296848
chr5:3600677:3600690	6.55004285264808e-12	0.325764811431507	0.010805778344538	0.967894466501876
chr17:73749653:73749685	1.25042402632134e-09	0.308647897840683	0.0043787731002613	0.98601150155321
chr4:24801685:24801698	5.01102253778947e-13	0.387704811713464	0.00708987279353413	0.982041620437753
chr10:77167421:77167439	4.04039081603696e-06	0.391901215362921	0.0466347142495536	0.893658167779402
chr4:111543271:111543299	2.74177882739669e-05	0.403188297074269	0.00412014672537888	0.989884455409411
chr17:73483828:73483897	6.43015250411236e-10	0.346570056664244	0.0152305443167549	0.957903485302517
chr12:124941370:124941476	0.000118056048486309	0.392669893598465	0.0352086390450926	0.917713471560344
chr22:24181054:24181071	9.87433388421334e-08	0.484285714285714	0.0205927365861168	0.959212486588491
chr9:130667243:130667327	0.000438282098500771	0.368491632730954	0.0460965347322437	0.888813674991495
chr2:73114219:73114237	4.28037637492548e-08	0.44	0.023750309546497	0.948786428693228
chr2:197106695:197106907	0.000660691709616137	0.408642763429892	0.0703290063585493	0.853166698342967
chr16:68318872:68318933	1.22660267032277e-17	0.384401777753311	0.0161898158275711	0.959585233222568
chr20:31215990:31216058	1.28521472009634e-10	0.734699675324675	0.097309899490606	0.883042332160408
chr20:21486625:21486638	1.89722806299502e-06	0.419459298871064	0.0145525206401863	0.966469759610293
chr15:101777541:101777679	0.000188617789817511	0.531432873223706	0.101805806380611	0.839229962319697
chr6:117869097:117869149	4.00287043059529e-08	0.653187462863933	0.0764547744135712	0.895216079185814
chr5:177210046:177210086	8.35473578877333e-05	0.417471304013346	0.0182688661018405	0.958073945541878
chr16:56669343:56669402	2.78440339759889e-10	0.334511012413518	0.0136109190866918	0.960901862666232
chr17:76339783:76339821	1.48188674906709e-06	0.491533536698219	0.0607271257104583	0.890039016276123
chr11:1683134:1683181	0.000210791734761383	0.405620008406894	0.0508810942787589	0.888541136090539
chr9:124982160:124982166	1.25022434766462e-11	0.365188651218063	0.0131252134603584	0.96530602051417
chr1:9910785:9910800	1.1498618834426e-06	0.673583904018687	0.104814973963566	0.865345420030326
chr8:22547919:22547980	3.51938388781306e-09	0.575831408253295	0.0864132559997863	0.869514605908908
chr21:38077472:38077482	1.47376727352618e-11	0.317702117568707	0.00255019586166513	0.992036916660027
chr4:2801307:2801417	7.29135711757126e-06	0.588257495175264	0.0617540325956255	0.904995480914929
chr19:38345808:38345819	5.81112852974327e-08	0.701531295820652	0.088834081650439	0.887603778982983
chr2:10471620:10471684	5.49869525760495e-14	0.390833316453354	0.0216719070690615	0.947462708753108
chr1:179713235:179713255	4.47271846806436e-09	0.362765528039568	0.0204703112907103	0.946585602937129
chr7:45068249:45068308	2.47502847388872e-11	0.333184152448858	0.0238144815043952	0.933292513641625
chr2:177016575:177016595	8.61077822899187e-06	0.34773205096269	0.0133179599578465	0.9631132542445
chr12:66276079:66276191	5.66133546223148e-06	0.336846042846043	0.00589377392544272	0.982803941540961
chr1:246745796:246745918	3.90106648079966e-06	0.793445641003178	0.189690730757577	0.807055525351128
chr19:6753524:6753635	3.14200520465872e-10	0.466446503334633	0.00335915417812838	0.992849906925531
chr20:23107056:23107130	6.29647494349799e-06	0.616237846569467	0.0690980768386992	0.899176338962249
chr6:108883714:108883758	0.000970309018445571	0.462144249512671	0.112286494884676	0.804525617787955
chr20:61638096:61638108	8.11390806847229e-05	0.499896861756377	0.0822616913586726	0.85869538303869
chr17:36666183:36666252	9.73492778912033e-13	0.379141870531903	0.0185067554617655	0.953459526194716
chr5:176427230:176427277	0.000408383759681236	1	0.30363754530919	0.767084381389787
chr17:75401152:75401310	0.000700955650473865	0.562244552507758	0.0816247874953042	0.873227714966338
chr3:195627634:195627732	0.000196203342067633	0.418194718508764	0.0404345112896888	0.911836165986503
chr1:161039226:161039378	4.39031130747186e-09	0.405449172881564	0.0309224110582545	0.929137431958633
chr6:6002712:6002734	3.27821294445856e-07	0.4119859045946	0.00894986416466749	0.978738171405467
chr11:114010500:114010527	2.89691826429532e-07	0.511065094798089	0.121622990839009	0.807767850225063
chr19:55765372:55765427	5.30740087299478e-08	0.353431013431014	0.00626624490912195	0.982579114063759
chr3:5061424:5061583	0.000291461911866274	0.522362637362637	0.0824346415789331	0.863698722779973
chr7:102066465:102066505	4.41412942447947e-13	0.421788184414077	0.0112803749675715	0.973952449968481
chr17:27912311:27912415	8.89211543597154e-10	0.403589602871234	0.0510588579194343	0.887695962215205
chr17:80358785:80358913	0.000258393634066044	0.581483831951742	0.100402935365417	0.852757172924111
chr1:169637173:169637186	0.000322388868520424	0.634514130544992	0.11591082350253	0.845539753339293
chr12:22094366:22094373	1.4966143171276e-08	0.372350712720193	0.0221964995569216	0.943741841619371
chr3:181413964:181413978	1.88289403842704e-05	0.412310585826527	0.00659978181311435	0.984245360528313
chr9:96080164:96080202	0.00056899866237042	0.742632881967247	0.229454132465236	0.763957208502375
chr6:10391058:10391093	1.24674342342205e-05	0.468961693105201	0.0341602224027157	0.932103489532493
chr19:4108798:4108818	0.000194552647102417	0.595711233211233	0.0958650520656946	0.86138181122375
chr2:105459552:105459571	2.10895085438823e-06	0.319630469093783	0.00660557337732103	0.979752165556918
chr17:76886714:76886754	0.000170724529217643	0.530052257863606	0.123980343615868	0.81043705874078
chr7:155595704:155595716	2.66806945248889e-05	0.420202092112652	0.0805795893485747	0.839092378312537
chr4:186560264:186560311	1.04467349682137e-12	0.395294800836733	0.0213428149599163	0.948773672489684
chr19:49338972:49339092	2.74321612683279e-05	0.401212121212121	0.00138020403594024	0.99657170802973
chr5:54527322:54527355	4.53414293539205e-06	0.375252525252525	0.0037186535645734	0.990187502975343
chr17:59482595:59482615	7.76235853990279e-09	0.322865761689291	0.0224646211388166	0.934947452480604
chr8:141849327:141849357	5.93493397962703e-08	0.736666666666667	0.0626915451383922	0.92157265139389
chr17:1960955:1960972	0.000115049125388277	0.435711851501325	0.0902919009436749	0.828343618227104
chr6:42072312:42072322	1.46205160460183e-06	0.350541686891801	0.00307154855578335	0.991313819031984
chr9:117693070:117693110	7.03669553452462e-14	0.566014478949105	0.0219419065850496	0.962681064233845
chr3:170137395:170137413	2.56575592832668e-08	0.411387431089741	0.0108356672144284	0.974336630899756
chr17:7287595:7287642	0.000273904631441258	0.331334981667972	0.0189973664942141	0.945773301855016
chr14:103568958:103569000	9.56595685948324e-06	0.321292067308009	0.00897587416609156	0.972822447961406
chr2:71116046:71116096	5.77275814596202e-09	0.310667199854993	0.000240484153527632	0.999226509456353
chr8:142046260:142046307	3.83768275528851e-21	0.461919512573024	0.0108952769882487	0.976956564750526
chr12:51717855:51717865	8.75605996937286e-13	0.438230688746129	0.00847193801896461	0.981034501452753
chr17:75123985:75124085	4.35621918307917e-08	0.490719402110661	0.00330800553772941	0.993304004015737
chr2:177030210:177030276	3.59480934831223e-09	0.322995075123702	0.00237546797241448	0.992699191666798
chr9:138999207:138999217	3.07134538855701e-08	0.392606412575487	0.0237857519472222	0.942876562111857
chr6:27114547:27114655	2.3296345522926e-07	0.449854844216217	0.0649271681878273	0.873874442728455
chr5:176858541:176858704	9.83588027775471e-05	0.38185885110444	0.0600461629253337	0.864119751939977
chr1:154379469:154379696	7.31097164718146e-05	0.473997145185861	0.0774619746933781	0.859532698071362
chr9:92099055:92099114	6.02814707668213e-12	0.39517272046318	0.00875126600071134	0.978334374055566
chr2:71116232:71116257	1.32690136931518e-09	0.3178230005404	0.00237612745335857	0.992579219474311
chr6:100895678:100895697	8.88836424375092e-13	0.360555160139949	0.00732679534466963	0.980083841472959
chr5:132158710:132158741	1.21456532278198e-07	0.423702978788665	0.0517401428956662	0.891174904976291
chr6:158629779:158629874	3.5691524306391e-05	0.846428571428571	0.144947322526373	0.853791762125537
chr17:33815330:33815432	1.47384485824027e-08	0.449128854090541	0.00316324676047527	0.993006186147131
chr6:26123664:26123979	3.73432366120853e-07	0.444442175808766	0.00109518789618463	0.997541871938467
chr7:24324675:24324683	5.10027989223951e-07	0.416666666666667	0.0184217483960841	0.95765975889423
chr1:221050180:221050273	2.56669498054439e-08	0.320770397127439	0.0169655255299381	0.94976689066283
chr5:2748507:2748516	4.04044211089756e-11	0.344311034911428	0.0182685439678726	0.949615077538733
chr7:3134644:3134670	2.92694773750036e-06	0.530766032573984	0.0623487246534158	0.894879154676788
chr16:55362634:55362703	5.55346410168348e-14	0.368088023088023	0.0137872445764695	0.963895947855459
chr17:56401848:56401879	1.11945546919283e-05	0.432444444444444	0.0401935554331921	0.914959111532297
chr22:47070535:47070641	3.47654344750286e-20	0.629906402747413	0.012043795177991	0.981238739053414
chr12:96564033:96564157	5.3015117753135e-07	0.665159763665385	0.141897990695326	0.824178641579714
chr19:3672066:3672080	6.92061908717758e-14	0.448786095815712	0.0328791523744973	0.931738582972228
chr12:111845175:111845270	2.07422432038385e-09	0.432193164069594	0.0499407280431411	0.896417304694556
chr7:100465077:100465161	8.50451131502823e-05	0.308333333333333	0.00745493454419232	0.976392617134581
chr3:15314976:15315000	0.000268200333230589	0.860549450549451	0.240335272778701	0.781688974616589
chr3:186490345:186490366	7.05900135836851e-05	0.378889296446686	0.0161856669557701	0.959031403011782
chr9:127258187:127258274	2.54500226122253e-13	0.475436908770242	0.0304070514143997	0.93988847587841
chr19:4569114:4569260	0.000893626075729301	0.412900024998558	0.10971371135473	0.790067302631014
chr7:156797306:156797346	8.08369296050726e-05	0.383333333333333	0.0160442055307123	0.959826970799742
chr19:14089841:14089870	0.000493832205243613	0.385130612644142	0.0612900285977006	0.862707897136644
chr10:134046101:134046188	2.79809128840548e-10	0.387105649867798	0.0265157102343432	0.935893759868216
chr4:3304775:3304980	3.68643803497117e-06	0.476036432823473	0.0368000603795786	0.928242118360699
chr10:17038608:17038717	6.56366219041444e-07	0.447737200975	0.0434861374092488	0.911473796110166
chr2:129037557:129037569	1.98044555860338e-05	0.697770119743804	0.148362768471464	0.824657839758004
chr7:1959874:1959887	3.56686489570024e-15	0.357684488182981	0.0149006377460705	0.960007427272049
chr17:779656:779718	6.78564880959233e-05	0.481287649620307	0.0503007948170992	0.90537643294648
chr15:75401835:75401917	0.000226930367995833	0.485361589785	0.0698390396267806	0.874209365178903
chr1:110625841:110626066	2.24436418425402e-05	0.546444416861693	0.0885026472339061	0.860614132675821
chr22:50986956:50986986	2.39288108244857e-08	0.326870528364781	0.0103584738634401	0.969283561630236
chr12:22486913:22486995	2.14594301231164e-06	0.382857142857143	0.000364834943639292	0.999047980113946
chr1:112058209:112058223	5.6940278841856e-08	0.487779923857444	0.0518160098646347	0.903972571647801
chr22:19510978:19511029	1.40049480000527e-08	0.317779816801556	0.000411401190183088	0.998707063027133
chr11:639650:639673	3.18599138827233e-08	0.348586236227855	0.00127792028439577	0.996347381517629
chr15:75251242:75251250	3.3118977024718e-06	0.346384659900601	0.0101899093080586	0.971422781690032
chr2:71134585:71134608	3.59480934831223e-09	0.380554948491232	0.00556781366702307	0.985580198287453
chr11:33824040:33824069	0.000906639976861942	0.35	0.0311960835058661	0.918162633731818
chr3:195313667:195313820	0.000909135268876199	0.376259313363533	0.066233585928283	0.850317177893056
chr6:43612899:43612908	5.01895727224086e-08	0.37455622669014	0.00465832971184393	0.98771584678594
chr19:48167510:48167671	1.086379466263e-05	0.485744782035008	0.0558684404159345	0.89684808623557
chr15:59816811:59816990	8.55243751216444e-06	0.618718928423424	0.0889357072088075	0.874323288888865
chr18:13641703:13641723	0.000124787880323871	0.462437418927939	0.0934109191202653	0.831948909934198
chr16:85296061:85296086	1.3275338115065e-06	0.43801282051282	0.0252826264126179	0.945428718152961
chr19:49839124:49839203	9.24188067659857e-15	0.571183164802747	0.0178822215402797	0.969643061780808
chr16:50308403:50308417	3.19301807154483e-08	0.495570232354645	0.0403765695361892	0.92466310202106
chr19:2252604:2252633	1.10278049991827e-08	0.313678097535411	0.00993052302169798	0.969313169084921
chr19:6100500:6100508	0.000706261525471796	0.675	0.119085757129276	0.8500341354065
chr2:176948107:176948120	3.71215277264564e-09	0.404850807384288	0.00999472775548795	0.975907351269623
chr2:66673634:66673719	3.29982492197236e-06	0.44	0.0320602053560449	0.932084498984904
chr19:16197083:16197146	7.71820227018579e-15	0.441524669582058	0.0307609763866758	0.934867856668436
chr7:139553288:139553487	1.10426285194642e-05	0.481336515572328	0.0829656219374098	0.852976594588961
chr3:128210683:128210713	6.24213521221384e-09	0.310429539596206	0.00529286013664342	0.98323571548575
chr2:162280538:162280561	3.68946264957342e-06	0.381688359519763	0.0245963352986562	0.939460344895224
chr8:128929991:128930067	5.76114604136419e-07	0.464769207543154	0.00650336088183952	0.986200425576278
chr1:27160026:27160126	1.0628663044069e-06	0.416016632136048	0.0436868801358762	0.904967269186243
chr22:18260431:18260451	4.8609375667853e-05	0.378734285427373	0.0549869960343911	0.873220433525721
chr3:184405603:184405680	6.96539062524339e-13	0.380551399891557	0.0131158942835076	0.966682794132055
chr7:81417609:81417823	0.000194921284118711	0.565784305859016	0.0788138395297146	0.877731823937865
chr8:144660024:144660042	0.000889151304726234	0.338895677098831	0.0341873706004141	0.908365253229158
chr19:58220236:58220403	1.31889389904629e-08	0.49045035099074	0.00309614287368074	0.993726745276948
chr9:99639697:99639735	6.34394732849399e-06	0.324759867301909	0.00408562439511619	0.98757585401572
chr20:57224759:57224776	2.62257183178433e-07	0.4	0.00499921808248031	0.987656227816563
chr17:36666870:36666884	8.90423399250452e-09	0.377212654369253	0.0236219874118425	0.941067999245577
chr8:99961491:99961523	8.26016155116074e-13	0.39893164374426	0.0147489578493925	0.964346991875921
chr5:92908162:92908213	5.50521930755248e-11	0.459000721500722	0.00421525664777938	0.990900018896956
chr15:77284751:77284773	0.000283367609181694	0.616644602564073	0.19535117929687	0.759418480168503
chr5:157346588:157346611	3.69598319597393e-05	0.550925925925926	0.0892882160789559	0.860533827323241
chr19:13210490:13210503	5.10222916096717e-19	0.484360276662908	0.0082785835482375	0.983195431345612
chr5:140871224:140871238	1.28201219336428e-15	0.624658034956905	0.0531602180853454	0.921571574907069
chr6:20024224:20024319	1.53814988018804e-27	0.562374988049729	0.0150509407244602	0.973934421759668
chr4:186560344:186560355	3.75333377007476e-06	0.357936507936508	0.0193718136122829	0.948657868099053
chr9:971674:971703	6.3712568567387e-08	0.406676313776883	0.0177242381105311	0.958237005037559
chr2:197023561:197023691	0.000457221576986782	0.659861957632422	0.10044951924694	0.867883726207544
chr5:132158664:132158685	0.000639476107273718	0.478178547297729	0.0905070662391635	0.840848679683908
chr11:44340718:44340785	8.3931227999496e-05	0.313333333333333	0.0123909566039886	0.961958757799816
chr6:136968771:136968815	3.34622877690336e-08	0.689236111111111	0.0344698829753178	0.95237032267664
chr19:35505322:35505399	2.84372778327607e-07	0.866666666666667	0.110663606108219	0.886769489096027
chr8:145104394:145104455	1.00608639226511e-09	0.567863967216969	0.00868608190597331	0.984934383547124
chr16:31488816:31488849	1.11453870331785e-08	0.459394951763606	0.0347906497774095	0.929600033532094
chr2:177028092:177028228	3.26321190620219e-05	0.513306878306878	0.0418496165191277	0.924616541625359
chr12:131464602:131464618	9.50369577450978e-08	0.553276835200156	0.0323110042957998	0.944822958885875
chr5:175224889:175224959	1.07878413946856e-05	0.324338624338624	0.0038326256129333	0.988321263323649
chr22:30054163:30054251	2.90549365130702e-06	0.695337306032328	0.0800935124097261	0.896710950216494
chr12:47701048:47701077	1.11886797089005e-07	0.458928649363432	0.0618552390893069	0.881226665300495
chr12:115138274:115138280	1.49681476999052e-05	0.377685185185185	0.0470265259290812	0.889274242507457
chr1:112058303:112058337	1.66738653205387e-06	0.318782584720191	0.0143285507987776	0.956985674536354
chr17:7287359:7287475	1.284082958071e-07	0.310756592930245	0.00810241074716823	0.974589361900643
chr7:156799150:156799168	1.66415264923423e-07	0.362485374751435	0.0128285732733356	0.965819087351134
chr19:13215304:13215327	5.41229000223838e-10	0.384736376703013	0.0321191968360012	0.922948860768932
chr9:66455997:66456005	0.000256164384817854	0.414909374869774	0.0962014983260136	0.811779589574174
chr3:196367554:196367677	5.7772829940141e-12	0.540492923991176	0.0187942074863774	0.966396138175527
chr11:67186574:67186616	2.22603027393828e-11	0.445039213409734	0.0270328131769374	0.942735829164887
chr18:76828651:76828657	1.40719402104187e-05	0.579266503436861	0.074847183108308	0.885574656748694
chr5:138609320:138609465	3.3440911146107e-08	0.384368964368964	0.000520581516450769	0.998647452179421
chr17:35299478:35299512	2.46855877117854e-05	0.386271972390501	0.0396989199714029	0.906803679116941
chr9:87905314:87905325	2.53629598604221e-13	0.578844576638796	0.0454858600245345	0.927144573845176
chr13:109793272:109793287	6.77170349631258e-11	0.315652900985512	0.0125046104159765	0.961894486697647
chr6:109698879:109699119	1.51075479785341e-06	0.528223772290446	0.0830362357642092	0.864155621715752
chr17:47816851:47816941	1.1508601231018e-10	0.53058201058201	0.0319768496855476	0.943158215177094
chr1:170630065:170630080	9.7009073113697e-09	0.408200394211264	0.0225021930125609	0.947754683440369
chr5:180230752:180230844	0.00017069644368209	0.324786324786325	0.0182952251811159	0.946673829639477
chr21:38597974:38598066	2.88566298632083e-08	0.626174603174603	0.0425340274388114	0.936393781249998
chr8:11566273:11566285	2.02582053524185e-07	0.419444444444444	0.023942756311689	0.946000344008898
chr14:91883672:91883822	3.37852586545598e-05	0.318342296842297	0.003518344903658	0.989068732092956
chr20:24759511:24759539	3.8597286062451e-11	0.325643403027704	0.0236913369251219	0.932181560504629
chr1:47899663:47899729	3.51186748477894e-09	0.4202470898593	0.0467324542845202	0.89992612123899
chr2:73147905:73147942	3.48348570633885e-09	0.459203380548061	0.00218672395678584	0.995260574651612
chr6:152631073:152631120	0.000588996839213562	0.432531641953565	0.107280609741109	0.801263106933356
chr15:96958805:96958854	2.29051991458933e-06	0.427198684099316	0.00995747081092639	0.977222164896727
chr15:74219400:74219407	0.000534471394034011	0.43	0.031475122383404	0.931794541337694
chr9:137663233:137663244	1.44246366839315e-06	0.71106010806337	0.0766345566750686	0.902710326595248
chr8:898406:898416	2.1591827897494e-05	0.550919913419913	0.0573803039959312	0.905671077614123
chr20:22557745:22557769	2.02965010769066e-05	0.347314814814815	0.00452618838488404	0.987135699524154
chr19:3180080:3180104	5.01102253778947e-13	0.396313131313131	0.0132560684267567	0.967634117909317
chr19:3369701:3369714	0.000221630459354874	0.386206547076112	0.0710517326069333	0.844613567946361
chr22:24824009:24824039	0.000754433344771058	0.581316394921309	0.0857677172359528	0.871428931265367
chr2:10471490:10471518	1.68682152289603e-05	0.411479389476628	0.0340583992619733	0.92355665417652
chr5:176024129:176024161	3.73244341866213e-09	0.41858597643321	0.00300849175331013	0.992864015113265
chr10:95222833:95222867	0.000517791529684816	0.397993061117662	0.0650349475857108	0.859544247079503
chr3:67706421:67706705	3.75420271760668e-20	0.493467104719017	0.0134758195687199	0.973417481686615
chr11:20618888:20618918	8.73563433375193e-05	0.316666666666667	0.0127448629912675	0.961310209741286
chr22:29563382:29563425	0.000660644302481211	0.491513060556531	0.0701136102076935	0.875159756725428
chr2:63282949:63282956	2.02185605214709e-09	0.331481481481482	0.0047924581991592	0.985748350872177
chr21:38069675:38069705	1.45874457838336e-08	0.354983164983165	0.00262914802895553	0.99264804948462
chr11:47176741:47176841	5.41210075746964e-13	0.732681721552058	0.0530435645731294	0.932490953887058
chr2:43358583:43358695	5.78254056314927e-07	0.390555555555556	0.011538275766893	0.971304519323401
chr2:119602826:119602837	2.07626175216181e-07	0.421225071225071	0.0174442542027318	0.960233704087425
chr8:22398142:22398178	2.17981390635217e-07	0.536621472360297	0.0254723558816808	0.95468308918931
chr19:46319060:46319085	2.3405875613808e-09	0.690006581573541	0.0637036375041	0.915479933943236
chr17:10021069:10021253	1.40719402104187e-05	0.472478560383711	0.0494403354721894	0.905271995582548
chr7:105319545:105319563	4.19034833078896e-06	0.584112841974734	0.0460614396615036	0.926906824026671
chr14:70756090:70756120	5.08298353205621e-12	0.387273152179352	0.0246845780725544	0.940079827953562
chr2:242140582:242140589	0.000143358046020113	0.529838351689746	0.112722461855708	0.824573084010929
chr15:65689324:65689361	8.31339338357095e-05	0.375261932104469	0.0328848283933688	0.919428912400879
chr19:1132141:1132179	3.60550982698984e-05	0.393333333333333	0.0310265395060018	0.926886255058926
chr8:134510944:134511107	2.118610042361e-08	0.417268398268398	0.0159832274722206	0.963108672829794
chr9:136710340:136710362	7.24512465860612e-16	0.426656681104553	0.0157706125780106	0.964354340694619
chr3:33096823:33096896	1.41281599408827e-16	0.575219482086741	0.0173851646322676	0.970663131434217
chr7:2548154:2548183	1.44521611641059e-05	0.517804179796081	0.0616040595260631	0.893677625989347
chr5:130593040:130593085	5.99162284793903e-16	0.472519563769564	0.029757172896809	0.940755422808732
chr20:62199474:62199549	7.60647993063557e-12	0.426783460191265	0.030861627689843	0.932564276320036
chr11:123008310:123008408	4.91234910282428e-07	0.698445715673963	0.0825488296833715	0.894302936974288
chr12:121530481:121530644	4.44981540376964e-08	0.599861880016544	0.0936683981036146	0.864939713436151
chr10:13701335:13701356	1.13011027783364e-09	0.418146429404986	0.0434013751712023	0.905965590690968
chr22:20911689:20911833	2.33203711297032e-05	0.459014606552228	0.0539002968570465	0.894913763474645
chr8:61764675:61764770	4.02679928531832e-05	0.71173452069887	0.166061161768576	0.810820256825842
chr3:195488911:195488924	1.14513427824778e-05	0.317331500356863	0.0136356456282602	0.958800606665433
chr1:200842879:200842912	6.23895424746712e-06	0.508611111111111	0.0385990689908678	0.929462078019684
chr3:24536601:24536664	4.31895155036228e-05	0.32503012285452	0.00819193090298653	0.975416000199831
chr10:21789267:21789303	1.1193267254734e-06	0.411070578099754	0.00472354849063837	0.988639694049138
chr8:66864145:66864243	6.48732709122051e-16	0.513283655342479	0.0162833345524049	0.969251605815466
chr20:5843935:5843965	0.000235321702686786	0.436071710830103	0.0620206758473905	0.875483589979969
chr7:45067930:45067978	1.06915871447933e-16	0.791969725250454	0.0308414051659869	0.962517029697475
chr5:37834828:37834844	2.11304244287825e-08	0.328170060565204	0.0130993718259537	0.961615748195873
chr4:186818095:186818294	4.37669099992927e-08	0.647846968549573	0.0576309211343245	0.918309387186965
chr6:166582771:166582783	3.52869489648807e-05	0.322222222222222	0.00911092269361447	0.972502229754501
chr15:76635175:76635200	3.7683911396778e-09	0.315133143726117	0.00226847454427269	0.992852983684726
chr12:53887138:53887321	2.12511252776908e-05	0.320279365079365	0.00544290602714516	0.983289733279045
chr19:57182975:57183010	8.80460285402344e-08	0.454424376600746	0.0126420076891028	0.97293316728772
chr8:84051808:84052120	0.000213550157060651	0.354628544526635	0.0450006078212477	0.887394081345512
chr4:85418694:85418729	1.49075200685388e-08	0.345135732846325	0.00555225918422185	0.984167524094357
chr2:66673956:66673991	0.000226930367995833	0.538888888888889	0.102767489520104	0.839840305530946
chr17:66342922:66343006	8.5141398971309e-05	0.336088363604305	0.0307439691950561	0.916190677739763
chr6:151004402:151004610	3.06087305080529e-12	0.451069560203548	0.0360819625448526	0.925932772741249
chr1:6054866:6054949	9.83945687695501e-14	0.451262451262451	0.0223992281917452	0.952710491130387
chr17:46691788:46691802	1.36262981527828e-05	0.371231197700632	0.00621465716372709	0.983534970423876
chr11:65408444:65408551	6.00507713998156e-12	0.540757202543416	0.0165191896398709	0.970357277158014
chr12:115103886:115103900	4.43949740267224e-27	0.368933296684482	0.00190854492889106	0.994853480069596
chr11:130271850:130271875	5.08601994685076e-06	0.573333333333333	0.065698387201744	0.897190726077364
chr8:22409072:22409160	4.87360637479791e-05	0.511111111111111	0.0447252155245487	0.919535277956266
chr2:66672596:66672616	9.59144380886407e-05	0.44712962962963	0.0532809025381489	0.893525617242035
chr5:72715504:72715573	2.03187758558246e-08	0.420526430287635	0.0150920101243943	0.965354978751314
chr18:46307700:46307753	4.66450315328223e-06	0.38290410319724	0.0643279069298419	0.85616434988282
chr4:7651988:7652061	2.2127799263786e-08	0.369412009980425	0.0429332080867558	0.895880426871445
chr17:40441433:40441470	2.91129740034009e-13	0.461992552459284	0.0126197835434154	0.973410333895443
chr6:1620346:1620389	0.000781512422148683	0.357291142665314	0.0242201665429984	0.936515206866977
chr1:157164679:157164693	1.63123912103973e-06	0.401666666666667	0.0339505437865945	0.922063355230458
chr20:44037518:44037624	3.56686489570024e-15	0.664958844225632	0.0590531917773865	0.918436173929655
chr12:49627611:49627624	8.68149414172545e-06	0.792796618790841	0.1896213461821	0.806985058353118
chr4:8263785:8263806	0.000571394252014516	0.464747474747475	0.104582494512876	0.816306008537115
chr1:147752577:147752701	3.34622877690336e-08	0.330884626652188	0.00807987410151789	0.976163066977362
chr9:126776168:126776183	5.31877716977936e-09	0.42916965494136	0.00687215865353698	0.984239679683744
chr10:22542557:22542582	3.2582442501759e-13	0.581481481481481	0.0211572787862085	0.964892270160634
chr6:106434088:106434131	5.41982372731201e-13	0.332624719151469	0.000985883762843437	0.997044806866955
chr13:112707953:112708006	1.64835749313183e-06	0.318095238095238	0.00711975717676911	0.978107537228367
chr12:49689395:49689400	6.50790616450107e-14	0.445026815108689	0.0245397607563544	0.947739549581128
chr17:7080603:7080910	0.00012801112005014	0.383867724867725	0.0137483542928723	0.965423042443615
chr19:18760938:18760989	1.89574182196728e-06	0.468904317754244	0.0917748206987375	0.836314900261919
chr12:123518638:123518773	2.07463725637541e-08	0.539506683359142	0.0250536020022025	0.955622804770677
chr1:24229465:24229476	0.000535733462803949	0.32	0.0112280951027754	0.966101622209036
chr17:14203010:14203043	0.000113778950700798	0.320333333333333	0.00825446707323372	0.974878960621726
chr16:86321477:86321575	1.58262760337755e-06	0.458333333333333	0.0383968845740511	0.922700727296582
chr21:38081090:38081187	4.36173131603802e-08	0.456301078528568	0.0018569774789385	0.995946862759283
chr17:1960261:1960274	1.21366337087619e-09	0.556348377078742	0.0131058645460819	0.976985219200955
chr6:20024500:20024569	3.73514764848506e-05	0.627069449455273	0.0852243242277988	0.880352282475912
chr19:38705029:38705203	7.57886483350046e-05	0.425824915824916	0.0503138870071695	0.894329370536698
chr14:73712457:73712489	1.64056263669664e-10	0.471806993328732	0.016313676432262	0.966578599426552
chr3:186685648:186685718	5.64582971345986e-06	0.524990307937676	0.0624943288971598	0.893623892475116
chr9:98111682:98111739	1.04385854092629e-06	0.332063604706429	0.000739278255976804	0.997778630252851
chr6:43192429:43192519	1.41663136658296e-07	0.68653500458513	0.0413230230147038	0.943226533956121
chr19:7402397:7402414	1.06854115999601e-06	0.667797311123322	0.0705426326960582	0.90445778629943
chr2:45029881:45029891	8.39773545926339e-08	0.364318635042034	0.0109040821600273	0.970939706845747
chr3:42306731:42306767	8.16648004291261e-05	0.445659567459651	0.0425353330913771	0.912872229834094
chr7:105319436:105319486	8.28018829230704e-08	0.321262900220804	0.0200514204999101	0.941252331699503
chr17:56565349:56565374	0.000114586473467587	0.473477582099802	0.077030265040365	0.860074174345508
chr13:21050140:21050156	1.23720421254283e-08	0.414831106766591	0.0235657395352416	0.946245645391763
chr10:11704590:11704643	3.47067933427861e-06	0.439955113675617	0.0667565864645419	0.86825528906067
chr7:23245729:23245738	0.000285440353440281	0.459356316343496	0.0741145179443544	0.861071096710858
chr8:143813256:143813294	5.33180334536386e-07	0.373912938912939	0.0135872999657529	0.96493602170396
chr11:118589442:118589599	4.69526053213454e-06	0.776164271366036	0.120257454710063	0.86584723326992
chr12:52627050:52627068	2.31375514007258e-06	0.533333333333333	0.0356290877406776	0.93737883835382
chr6:27655609:27656143	8.76802590453263e-05	0.463504458504458	0.0340809744291481	0.931507290661189
chr7:129781353:129781457	2.34519667847297e-10	0.350533343537586	0.0059309708199887	0.983361670211848
chr16:85344383:85344563	5.61565954731386e-06	0.390423465423465	0.0594798254916962	0.867794197791471
chr1:36788051:36788066	0.000433374182297465	0.666686506882535	0.185983481961261	0.781881050823131
chr10:126300538:126300694	1.65087814671892e-09	0.600396825396825	0.0418736285855851	0.934803744550373
chr2:242785210:242785261	2.62143041867536e-09	0.529666666666667	0.00350454795472684	0.993426974565355
chr7:42267805:42267822	1.23380299111972e-07	0.354518671466766	0.00313983161811988	0.991221146453843
chr6:25042095:25042140	4.6961437387563e-05	0.49742390743941	0.0637634952322528	0.886377536401046
chr5:122422290:122422309	4.21714574144175e-09	0.432938200011371	0.0312133637865444	0.932751785793542
chr12:52115509:52115548	7.0017785253012e-10	0.344250429273555	0.0155765875776391	0.956710900382222
chr8:57026239:57026410	1.74925790656912e-08	0.328499504916278	0.00463710253912629	0.986080477391705
chr22:20078423:20078511	5.66945731319408e-06	0.686316706478434	0.148018264076276	0.822591322070719
chr2:220313255:220313272	1.02926840856476e-07	0.367720618818086	0.0341999543136235	0.914908674499685
chr11:67205095:67205113	1.01783799074945e-07	0.762592592592592	0.0889295734396441	0.895563994706067
chr14:37136001:37136019	1.07232082703024e-05	0.43015873015873	0.021863566176504	0.951631664292309
chr16:29675880:29675899	7.26365232120454e-06	0.478746286719207	0.0416035001098366	0.920047050728388
chr1:46914407:46914494	5.18352200593202e-05	0.480850599263931	0.0554459371295409	0.896613285063506
chr9:14346053:14346085	8.60610507788855e-17	0.580917651398192	0.0284527410771371	0.953307969293423
chr20:56027102:56027162	0.000250088421045918	0.771428571428571	0.13728041501323	0.84892807591705
chr5:150594238:150594255	1.46678553402796e-06	0.362996031746032	0.00980345904968267	0.973703131866522
chr16:66621433:66621441	7.99341036460811e-11	0.675349858719991	0.0556339881711311	0.923891631247746
chr3:128210809:128210826	3.3346129376371e-05	0.485662719633308	0.0311750514141893	0.939681166585396
chr8:55371721:55371728	3.80914430209735e-09	0.340208902332733	0.00848092243545795	0.975677746142733
chr10:22624363:22624510	2.9057858228806e-08	0.332632505446227	0.000478105473165604	0.998564724576482
chr22:20785437:20785462	2.74678340383948e-10	0.36582684460225	0.000305484106660169	0.999165645634906
chr5:42952051:42952113	5.70173586136917e-09	0.493809523809524	0.0257155053077129	0.950501893332439
chr9:1045691:1045747	0.000392902860857999	0.407621267621268	0.0415608268783305	0.907474435452218
chr11:22454376:22454382	0.000336780898125715	0.463333333333333	0.0902417097146324	0.836983782329195
chr4:13532682:13532795	1.67349039801993e-06	0.335704423830138	0.00341391357255606	0.989932972664636
chr1:225655594:225655619	1.96161846196794e-09	0.442765119004089	0.00903266764990425	0.980007277776193
chr3:184504253:184504484	7.11336431075115e-10	0.501481910052542	0.0416569133900636	0.923303377346463
chr22:19711226:19711257	1.73859326210824e-13	0.713888888888889	0.00599681402038571	0.991669769247881
chr12:110236002:110236058	3.0434135935415e-05	0.487429156771735	0.039260262717379	0.925458417684826
chr10:106401268:106401303	0.000397095376104241	0.376984126984127	0.0302186840888537	0.925789598531436
chr18:19756867:19756897	1.35960496105339e-07	0.379945901205057	0.0332776355511178	0.919468199192261
chr22:50319531:50319668	0.000316609529297725	0.563159609507232	0.0609662447879057	0.902317386199682
chr22:30662059:30662077	2.60128214468115e-07	0.411279535170034	0.0408045494895436	0.909741238689547
chr10:105344492:105344526	2.4784847811227e-07	0.387982685566442	0.00552474591552829	0.985960250115933
chr20:46044275:46044343	3.31681371388434e-06	0.474557196504599	0.0432224189610306	0.91652352145582
chr16:88767062:88767096	2.53362515327836e-13	0.424535984751938	0.0111559082368824	0.974394960254244
chr14:60952393:60952405	4.29346845186484e-08	0.461111111111111	0.00533938388425489	0.988553160642893
chr2:8715562:8715637	8.20902785472401e-06	0.533873015873016	0.0435158103709127	0.924633438693307
chr14:73180829:73180984	0.000312818207624209	0.511959706959707	0.0634791314055932	0.889685702157463
chr19:31829135:31829319	2.32151691217373e-07	0.525939102644177	0.0599847218600362	0.897623685278896
chr7:2757237:2757317	0.000153815132828511	0.372796682364089	0.0638566522937901	0.853758926760923
chr8:145900685:145900715	1.41192956917777e-18	0.590511731673464	0.0439026546519186	0.930798141406898
chr3:128765137:128765158	0.000154347201514316	0.428075936688435	0.0561493213360163	0.884042972964494
chr6:137244466:137244484	1.00676004523566e-08	0.336179417121201	0.00194390015269174	0.994250913635994
chr6:170581242:170581310	1.25713893884207e-10	0.539096459096459	0.0257248840769405	0.954454830031019
chr4:103790673:103790911	3.53115460899385e-13	0.7	0.000803851561003222	0.998852957843749
chr4:37585982:37585993	4.08057267614318e-13	0.53098623606735	0.0692158453271439	0.884679098135865
chr12:2030316:2030331	1.24122403763253e-17	0.437069383294275	0.0150185888980333	0.966779499075802
chr22:39147922:39148082	2.69039240954637e-06	0.370874380195618	0.0150067588153692	0.961110411216699
chr9:130539913:130539935	1.28952963168146e-08	0.48416641377077	0.0305480516710234	0.940650489306137
chr19:18770323:18770328	6.84396829673263e-05	0.400172311348782	0.0595710847704109	0.870425360596226
chr16:56672432:56672464	7.19389816146037e-05	0.480404361780009	0.0275699313709649	0.945725735056496
chr4:16084323:16084365	3.53225225074426e-06	0.405474710474711	0.00318504275279502	0.99220612568857
chr5:37834847:37834913	8.56364775185359e-06	0.436934389140272	0.026314025619538	0.943196728189169
chr6:27832225:27832236	0.000162472877301977	0.366666666666667	0.0236391382312091	0.939434315517305
chr5:72677925:72677938	1.14337857814026e-09	0.399483599393102	0.0267177819978024	0.93731183622491
chr13:51288375:51288412	5.49729942593281e-12	0.555292544519515	0.0372828084400452	0.937083430396084
chr18:13612629:13612815	0.000926846231648278	0.514116776335641	0.0794712715458332	0.8661171298353
chr8:22976452:22976577	7.87257575301793e-19	0.640274940279187	0.0287793029704888	0.956985097604786
chr21:45336773:45336809	7.90555325747814e-08	0.660568783068783	0.0285874099732795	0.958518242653977
chr11:65408666:65408781	7.00148136929769e-10	0.724867020593805	0.0695068175055208	0.912501124568972
chr1:12533416:12533477	0.000642370703165315	0.514301630311505	0.0720365910964534	0.877141573811317
chr12:117032140:117032181	8.74088501833414e-05	0.474812711710044	0.0409916351540168	0.920528713254873
chr3:194118821:194118923	5.69831228459458e-05	0.31449054682388	0.00616817360306226	0.980764054709475
chr3:138664166:138664281	7.94516859030822e-06	0.580720903089324	0.0247091507606282	0.959187439401956
chr6:1393814:1393833	9.22982553233596e-14	0.426694685763137	0.00502035391927168	0.988371139622643
chr5:92908827:92908853	0.00011613646519694	0.463387443549153	0.0282049197083622	0.942625390839143
chr19:4374698:4374799	7.84074666744768e-07	0.516655687307861	0.0984248413597082	0.839980560638258
chr22:37881408:37881495	5.80162304378971e-13	0.47948417996019	0.0208465243048747	0.958334509301211
chr20:56194053:56194195	1.15788531726859e-06	0.338563922031414	0.0258525031524401	0.92905779935853
chr11:47416527:47416633	8.37217689047298e-07	0.500109344231204	0.0501165752744308	0.908916367808591
chr16:11327169:11327181	2.83516844691439e-06	0.504034762632702	0.0382103929034777	0.929532993493147
chr16:55365257:55365267	1.64056263669664e-10	0.313159176629639	0.0129259633724449	0.960360158171077
chr14:90187164:90187260	9.74771326705646e-05	0.437617800405919	0.0380582951842726	0.919991154617404
chr17:36718317:36718336	1.16526009679779e-06	0.349325252042643	0.0154197805149473	0.957724494815395
chr14:102555012:102555047	2.75648388530841e-11	0.551587301587302	0.00874361686345655	0.984395619489227
chr2:130940271:130940307	0.000635073119115648	0.953010750119446	0.274925839041265	0.776107462333071
chr19:16482409:16482500	5.33180334536386e-07	0.327484636883292	0.0156874357194981	0.954286968632043
chr5:72678105:72678117	8.88875911762184e-09	0.418410564065446	0.0286807147842985	0.93585042665541
chr14:106328280:106328426	6.83899783933255e-08	0.404485177388095	0.00929642695762341	0.977533010506054
chr17:55945762:55945859	0.00071848369275586	0.452069665223309	0.0750370416768704	0.857643545994416
chr19:36247848:36247862	1.1901985738049e-12	0.456686980080888	0.0147060136147782	0.968803071298356
chr21:45577764:45577826	4.93274225945639e-09	0.62588833689631	0.0428849281891925	0.935875235407759
chr18:77199431:77199443	2.74678340383948e-10	0.477782676327361	0.0448850684000812	0.914123132998215
chr7:632944:632992	5.27214838054791e-06	0.505077604319131	0.0727634168275212	0.874077100509182
chr6:170581003:170581096	1.66914523112507e-10	0.319294046704891	0.0174465513369959	0.948189937778677
chr1:1564676:1564690	4.86803440349277e-05	0.672882785854969	0.114446867996855	0.854639200445518
chr19:3179929:3179985	1.31687554748545e-17	0.480283217960148	0.0201361549922745	0.959761439942916
chr8:687582:687636	4.66314279764906e-05	0.307397096797729	0.00143235881151085	0.995361974755014
chr19:58867983:58868067	1.25886495520673e-05	0.324686499809396	0.00952259216181944	0.971507082271001
chr3:47122364:47122371	0.000283117247876852	0.865651258602101	0.347198364272404	0.7137333782159
chr3:63264516:63264595	0.000595814125454164	0.327391392920805	0.0218566806773962	0.937417891952235
chr9:96715493:96715509	1.34416743803666e-08	0.382954999921672	0.00548682260949342	0.985874789244525
chr1:221050478:221050491	0.000815869335814344	0.42357019842652	0.0694893063908333	0.859065070824312
chr2:219738428:219738541	2.92275793531053e-10	0.304301057202499	0.00179605141408992	0.99413241300381
chr2:73928331:73928354	2.07463725637541e-08	0.505115626232369	0.0596569325328952	0.894369987339115
chr2:74642033:74642081	1.0895130925868e-06	0.408135342982319	0.0290552593682293	0.933540979124404
chr2:47206751:47206855	3.62996688406905e-08	0.76529306529774	0.101132939447782	0.883275733999367
chr20:21492917:21492931	4.91416684761094e-06	0.339798624761641	0.0237833563377042	0.9345859872764
chr7:156796991:156797035	4.99462807013012e-08	0.513276397792339	0.0136996317904988	0.974003311305557
chr5:45696095:45696108	3.04396984940571e-09	0.34993994338612	0.00839909640076765	0.976561034472374
chr21:44819374:44819432	4.87581240295329e-06	0.512779092440975	0.0437199568684611	0.921437499448178
chr1:200842812:200842842	1.06085899399801e-09	0.493017358953758	0.0409646430408938	0.923284599690863
chr2:220313472:220313492	1.53414132140944e-15	0.39861846036687	0.0036317251258295	0.990971476815154
chr9:134128181:134128299	4.37932789071426e-07	0.508382936507937	0.0122391879457097	0.97649122584148
chr9:96713741:96713787	5.48166187960584e-05	0.330254239654871	0.012906281069451	0.962389959537859
chr17:75231575:75231615	3.53636593929688e-05	0.316015873015873	0.01177204438074	0.964086399296725
chr17:73839499:73839523	4.67982682360041e-11	0.66	0.0127021497662588	0.981117720865509
chr10:118900000:118900044	2.56669498054439e-08	0.385208333333333	0.00911790283493383	0.976877260505073
chr17:3814755:3814785	1.06176942741515e-06	0.379475487368244	0.0276045294678738	0.932188935034394
chr19:39283176:39283235	2.24581070834737e-05	0.339425922369811	0.0105749815263522	0.969785845097447
chr3:31310498:31310656	0.000645220715829474	0.558902234947513	0.093957040998711	0.856083777223608
chr18:11948030:11948038	3.90019200014131e-11	0.523839045944309	0.0363895334054996	0.935045203427978
chr8:107447333:107447483	4.29633898460874e-07	0.402739440945017	0.0206655363184024	0.951192032620945
chr20:62200085:62200109	1.64373165598516e-05	0.619390696754871	0.108261667980667	0.851217871022773
chr2:8723890:8723900	0.000195252103162227	0.519606060606061	0.083514473779349	0.861529380914792
chr4:102711896:102711974	3.04466851303328e-06	0.400488510441341	0.0342479111835218	0.921221435610301
chr19:38886138:38886154	3.55507130428108e-10	0.695238095238095	0.0519827529974516	0.930431875502134
chr4:81189711:81189729	2.75633518686581e-09	0.367432063841315	0.0135710483956734	0.964380741364569
chr6:1620159:1620204	1.13668878664492e-10	0.308553461356262	0.00345309155725398	0.988932631302102
chr14:74981388:74981406	1.46154477703987e-08	0.443463020708771	0.0218231597529822	0.953097339509794
chr9:5841793:5841956	7.40026211849117e-07	0.468660353323405	0.056181004459197	0.892956216909895
chr7:27197885:27197933	2.56724686934397e-06	0.432195767195767	0.0302177981059526	0.934652007697404
chr6:163670668:163670704	2.83643489943977e-08	0.461800434681022	0.0378510355913899	0.924245123164046
chr13:79182034:79182044	2.07794615580966e-08	0.367709470441781	0.0115401438265664	0.969571112553852
chr6:20024352:20024422	1.3720987063338e-11	0.481748921704302	0.0258275419582763	0.949115958269795
chr15:99993103:99993143	5.54644611961138e-05	0.433329844675889	0.0888668970767272	0.829821042585465
chr3:127634083:127634161	9.54678678461655e-07	0.38051296566517	0.00319607184008021	0.991670584928466
chr3:148336056:148336126	0.000176083874116026	0.443933999131567	0.0415046281065867	0.914500771513132
chr3:38081466:38081537	2.78191951439931e-08	0.670259432265517	0.0428761469503968	0.939876584200807
chr7:156796586:156796676	2.78289744483149e-05	0.30520202020202	0.00148857224951965	0.995146338733051
chr16:56313147:56313258	0.000143925734516497	0.420051890523651	0.088007845281396	0.826776579447015
chr1:155265254:155265284	9.23118801774531e-05	0.347121212121212	0.0310908241411564	0.917795254618527
chr9:69197259:69197281	2.18253177381716e-05	0.456485230315864	0.102964110557277	0.8159545413056
chr8:105235918:105235943	4.2919510759106e-05	0.36687962962963	0.0238577867506727	0.938941637656087
chr7:3134380:3134520	7.112928455752e-08	0.691635546175249	0.0950575498062559	0.879168191138555
chr2:45155915:45155930	0.000296363382123744	0.379215501569079	0.0466111031842116	0.890539711084477
chr16:86613029:86613062	4.09629416053192e-06	0.354963885158522	0.00824932460301545	0.977287927913108
chr16:54324380:54324392	1.39548038149354e-07	0.406490032936251	0.00914626055381237	0.977994557508412
chr5:76373530:76373539	0.000863382896854827	0.420959595959596	0.0437055840448799	0.905941770707978
chr12:133348115:133348260	2.61634741773588e-05	0.661646963836747	0.120177666953285	0.846285647419619
chr20:43945282:43945292	2.16437489294458e-06	0.341885229984877	0.0315643499427067	0.915478951807022
chr6:43083293:43083338	0.000392028872101927	0.58385814826713	0.0992193560793735	0.854746561776623
chr11:123355219:123355301	6.26300583901612e-08	0.478370964547435	0.0587196013898014	0.890670949903329
chr7:149487306:149487319	0.000292730552226607	0.491666666666667	0.0455978556557198	0.915129598621889
chr7:27209526:27209582	5.55851508736387e-10	0.301727156769475	0.00101547638945771	0.996645743683796
chr6:19692010:19692112	1.38811670093225e-06	0.357971116419414	0.0223505781984127	0.941232439498693
chr14:75800718:75800727	5.61177046627798e-11	0.537679871287486	0.0290230781156149	0.948786082468453
chr2:43020374:43020394	2.1234452233933e-08	0.437636123794126	0.0071795133458524	0.983859575189365
chr3:157824208:157824217	2.98205362118447e-07	0.324920634920635	0.00336577866924157	0.989747432333747
chr19:23254232:23254336	7.97032912543351e-07	0.443538073112773	0.0412406197216142	0.914928976188104
chr2:69064579:69064611	0.000162669563936616	0.461309523809524	0.0492267973678157	0.903578265980578
chr20:62199644:62199673	6.8009140510825e-18	0.511632911262728	0.015425681680596	0.970732510792676
chr4:41748362:41748433	1.2663518718417e-10	0.312727272727273	0.0108969667609932	0.966328335670331
chr6:20320098:20320141	1.33573043627451e-06	0.523674990657149	0.0850690498887351	0.860254812823382
chr13:109793301:109793322	4.42024389905419e-08	0.550823528044029	0.0540465409522161	0.910647684978191
chr8:121021099:121021235	2.26618926549482e-10	0.644444444444444	0.0299993114836278	0.955519921090607
chr8:57069774:57069786	6.98982915833684e-10	0.323600460347406	0.00566707674458147	0.98278883853953
chr21:46902922:46902964	0.000285526689771298	0.601169122720326	0.126227718319344	0.826466501918091
chr17:36666562:36666605	3.89194984652958e-10	0.416489799456687	0.00769362111251042	0.981862513385868
chr19:3688173:3688181	1.29469655740097e-06	0.502043141790679	0.0755209453452906	0.869242310892659
chr7:139876374:139876418	0.000180750797250704	0.381111111111111	0.0337436907130002	0.918661443558976
chr9:87905154:87905186	2.53249204990457e-05	0.51562363190699	0.0461477064075971	0.917853220233613
chr8:10588937:10588948	4.61609994802177e-17	0.605644013880856	0.00235571100286223	0.99612547357104
chr6:100901494:100901618	2.1380838253014e-05	0.466374477719016	0.0782709398017832	0.856290097586667
chr11:1332088:1332114	3.89653068703152e-06	0.626570079639076	0.166040268436144	0.790514634537188
chr10:6094775:6094827	2.15409935264324e-09	0.42028129395218	0.0484925670056173	0.896554456115498
chr22:50319330:50319373	4.60612069512428e-11	0.565471014492754	0.0360520971783681	0.940065316728712
chr2:63284573:63284714	4.85186646218603e-05	0.4614893323856	0.023393649163355	0.951754031274465
chr8:8654900:8654936	6.39206219790186e-08	0.47906258945836	0.0476087066234248	0.90960451617999
chr3:194118678:194118738	5.19694688127681e-06	0.325804093567251	0.00213524800481322	0.993488893419809
chr11:67778031:67778074	0.000734050744336984	0.512687688810801	0.140451446719535	0.784959376832486
chr22:40796311:40796475	6.96206393000609e-14	0.613314178188028	0.0192377049213424	0.969587150975225
chr1:221049959:221050007	0.000719696503407828	0.352474740729793	0.043873372816379	0.889305962821826
chr11:63637374:63637410	3.01358529644901e-10	0.32975741975742	0.015608151824596	0.954806868116299
chr9:36458494:36458734	5.17904279140414e-11	0.40225315986754	0.0258185270798296	0.939686440689538
chr8:142276277:142276297	3.25498501462357e-09	0.506406520140218	0.0421570077388439	0.923150181161629
chr7:1552786:1552837	1.37088464540329e-06	0.541922077922078	0.0449643663325967	0.923384895369836
chr3:133661417:133661556	7.51873158123977e-13	0.388995795124827	0.0256498478493723	0.938140317439756
chr20:34078658:34078800	2.93557538323395e-08	0.653034471506544	0.0363131416164028	0.947322452525956
chr4:41748856:41749020	0.0009766202269841	0.425185185185185	0.0807802629294979	0.840344309615411
chr4:114277289:114277305	2.12710188608274e-06	0.527871899087177	0.0765744842224266	0.873314678792272
chr15:64244503:64244684	2.92196636916672e-12	0.684920634920635	0.0768085658402659	0.899165522650909
chr21:38069939:38069956	1.14139591761701e-05	0.418187830687831	0.00509249997759315	0.987968966170511
chr4:184828385:184828403	1.18351693466406e-06	0.374030131120236	0.0506128474247276	0.880810822309715
chr2:196401030:196401147	3.01699054665689e-05	0.417471304013346	0.0158804727478204	0.963354314902065
chr19:44029921:44029980	7.22269302027107e-07	0.40703089569161	0.00327016914698755	0.992029830221684
chr14:91225488:91225519	0.000165354315548477	0.328752942819065	0.0280745031580195	0.921321906499809
chr14:38080503:38080552	7.11336431075115e-10	0.371095172575764	0.0211256611337193	0.946138350342279
chr11:77530415:77530612	7.60317033294242e-06	0.32987765409194	0.00143265518767894	0.995675790497452
chr1:860652:860669	3.96620666698363e-06	0.441944444444445	0.024963170698514	0.946535096261236
chr13:31480961:31480979	0.00034228202105815	0.360644144357279	0.057405914787709	0.862681720688863
chr11:67171584:67171666	3.47171831593423e-08	0.365298940825257	0.0164958009213648	0.956794059431253
chr12:22094594:22094657	2.52304165647369e-08	0.376928028369419	0.0115044759822135	0.970382303609178
chr11:65408370:65408410	6.32827404092842e-11	0.70396889726371	0.0567262677904506	0.925428383935618
chr21:38074487:38074667	1.05478983255749e-05	0.366666666666667	0.0110900043513762	0.970642465898778
chr19:4916881:4917023	4.25865710773951e-10	0.465456731682664	0.0262343321979918	0.946644683775747
chr14:38080557:38080579	0.000112026256807549	0.477726101729079	0.0875073892377889	0.845183644217362
chr17:46619163:46619183	1.17481851582776e-13	0.405900704301336	0.0136778546022444	0.967400968633892
chr12:52652454:52652489	3.52449804818898e-10	0.36501664470492	0.00422643381510057	0.988553790007275
chr2:171786280:171786350	2.00795492424849e-05	0.417471304013346	0.0108019898780768	0.974777811196382
chr2:66667886:66667913	4.26611442369389e-10	0.391729512317747	0.0265364439133483	0.936556051196558
chr3:197840391:197840554	5.44370855511466e-08	0.482542280116417	0.0175317087852151	0.964941770269392
chr17:37894402:37894439	1.9631651009237e-08	0.501754096520763	0.0227390156085438	0.956645730739477
chr17:62774587:62774620	1.54355618051983e-05	0.395001365384966	0.0674003939423614	0.854238456963461
chr11:2847667:2847695	1.06722199659429e-06	0.449874463523642	0.0407970382211273	0.916854681643303
chr5:42949496:42949542	3.47739352925416e-07	0.466448341025254	0.005518293169908	0.98830787439176
chr17:79134306:79134315	6.4531377742314e-05	0.335449735449735	0.00737228896216125	0.978495287825197
chr2:19561301:19561322	4.17231933200962e-05	0.472481962481962	0.0398270348813827	0.922259739558827
chr5:132161708:132161721	1.06949792568827e-18	0.378295918810734	0.0246508165926373	0.93882363492048
chr3:127469356:127469468	8.8662529065499e-05	0.416666666666667	0.0581689809644447	0.87749660065616
chr4:24801800:24801810	1.69181549322534e-18	0.388851426744489	0.0102575989437993	0.974298754767298
chr14:73181172:73181203	2.73123375961658e-09	0.513223630038672	0.0313384934280732	0.942451940600333
chr6:20024006:20024141	3.11760415928928e-09	0.649614043223294	0.0527384130884555	0.924911755323816
chr3:170137456:170137470	5.4764508763013e-09	0.367261482555011	0.0058431853772413	0.984339018298473
chr3:149341800:149341829	0.000120212750319436	0.333333333333333	0.0150544598695033	0.956788210829366
chr9:96715356:96715374	4.95034248842928e-06	0.338677529179558	0.0262138913536429	0.92815974868541
chr16:75109331:75109460	9.45311911531369e-08	0.516534391534392	0.0331998846340634	0.939607395657661
chr2:170625432:170625438	0.00032928685915142	0.425808080808081	0.0585339583802955	0.879147475039783
chr22:44391923:44391940	0.000159866005578095	0.422146754109624	0.077743789627454	0.844478375113365
chr1:145562732:145562809	5.19599621411387e-09	0.395194436602028	0.0103098411630227	0.974575259181369
chr19:6753492:6753523	3.60664069195037e-10	0.453975068660539	0.0277339393185126	0.942425948323311
chr14:24641001:24641021	6.56189561494327e-12	0.311876483165957	0.00319917572607078	0.989846325364134
chr4:8202378:8202403	0.000214212389379864	0.47	0.0852462403014294	0.846471287666619
chr5:115298830:115298848	4.34290041976087e-10	0.456104425114738	0.00210305605488294	0.995410253779544
chr9:139716146:139716160	7.29444225894437e-08	0.628964772069513	0.107576407365873	0.853943797890108
chr3:122296676:122296709	4.05193979246964e-06	0.369494949494949	0.0148676527720645	0.961318680109944
chr2:74726214:74726229	7.78261020387453e-08	0.37908778671269	0.00100185556261414	0.997364159789736
chr12:114852336:114852359	6.42359290755403e-08	0.404909058896554	0.00801877064357769	0.980580696988847
chr19:45901780:45901885	2.22726680781828e-06	0.494354584961739	0.0261380047870581	0.949782176918843
chr2:131797613:131797636	1.22645642494949e-09	0.360208876374851	0.0297998756053819	0.923591777225317
chr2:27529569:27529584	2.3138208671762e-11	0.502691431719296	0.00144166907841522	0.997140300694134
chr10:94822392:94822422	6.03098228326655e-10	0.357173017748352	0.0122489005392085	0.966843059567262
chr13:50701694:50701724	3.29536239161412e-12	0.363804743010203	0.00672338681849552	0.981854584639488
chr11:64290555:64290746	3.82030481091149e-09	0.712348629076087	0.0419262248950172	0.944415189404387
chr10:11212536:11212603	2.67649451113861e-07	0.362509712509712	0.0283399470899471	0.927491437196145
chr9:129377680:129377714	3.83665671860897e-10	0.30695546415617	0.0006072739842827	0.998025528098903
chr15:74658177:74658190	7.25959666575039e-08	0.412727272727273	0.00108631942421856	0.997374858040379
chr2:25500296:25500316	0.000169959483391687	0.430305676370516	0.051080170495883	0.89388933881544
chr10:102986952:102986973	6.52582295967105e-06	0.392316017316017	0.0280048559642837	0.933372673724895
chr21:44819226:44819239	3.9291910543053e-05	0.630331106801695	0.0918989671626534	0.87275665958049
chr12:115109842:115109855	5.86318274733273e-09	0.362664378268652	0.0195221935638657	0.948919729256158
chr22:39148239:39148256	1.904835209313e-16	0.476181563243359	0.0180281812911621	0.963521194208458
chr20:43726616:43726631	0.000109157041338541	0.437548458974453	0.0512394161356699	0.895170443570995
chr19:50058236:50058275	2.91129740034009e-13	0.574824889465067	0.0476793320079651	0.923407214982187
chr15:96903029:96903092	9.39797189056656e-06	0.663888888888889	0.0597349559906604	0.917450265889727
chr4:94755870:94755918	4.93274225945639e-09	0.340997606684242	0.0190584722503092	0.947068044770399
chr6:37551119:37551243	2.56322904497346e-07	0.651186299081036	0.0813924062206462	0.888896024916356
chr7:36679543:36679660	0.000372386535724527	0.477225225225225	0.0953418335950121	0.833483550745197
chr20:22557794:22557968	1.41595828005487e-08	0.341198765432099	0.00337220058116726	0.990213335092669
chr1:1118430:1118437	0.000103341983586958	0.366322380992417	0.0317926959642499	0.920141944366226
chr17:16570355:16570361	1.97945109570645e-05	0.609318970335403	0.154451306047031	0.797777799394625
chr6:166976776:166976796	1.95375964431304e-05	0.501997800769731	0.0901682119508022	0.847731531337723
chr4:16084937:16084953	1.40320121324522e-06	0.38	0.0400951971843625	0.904556877933631
chr3:151936218:151936283	3.92166111768851e-05	0.62769018377015	0.113995089210224	0.846302611952711
chr12:114878759:114878791	1.31682647318484e-08	0.323104651327659	0.0107756632604509	0.967725970086783
chr2:220299635:220299643	5.73205927770489e-08	0.330941520467837	0.0027939751511789	0.991628175043243
chr21:38076854:38076871	5.16987338678621e-07	0.327687244023599	0.0142894746155616	0.958215066006762
chr7:130641699:130641745	2.76246948080493e-06	0.611863537243087	0.0562900609463538	0.915752813276935
chr2:157186445:157186485	1.2581259677638e-05	0.566269841269841	0.103298789860108	0.845723373142819
chr11:65661646:65661754	1.08726353654461e-07	0.425710705334766	0.0373237571322633	0.919393133432436
chr9:134128101:134128135	4.59212942481418e-09	0.377648891841037	0.00541906096832157	0.985853525651052
chr3:129694365:129694378	4.29346845186484e-08	0.341338316612187	0.00218772514579968	0.993631559533001
chr20:30816216:30816330	7.63276012809764e-06	0.736950982787281	0.121347918346017	0.858618112890755
chr2:233925180:233925317	1.16608263569167e-12	0.364723867695926	0.0144025719223813	0.962011164568524
chr17:17415395:17415403	0.000131074576881044	0.636666666666667	0.114313501360467	0.847780931870978
chr9:1045788:1045818	2.47539335940654e-08	0.343599716611759	0.0152286927779842	0.957559957964634
chr22:45125519:45125586	0.000820247642196357	0.598308484819813	0.192816385869169	0.756275661386745
chr13:113344799:113344867	2.82963679509547e-05	0.405194805194805	0.0325183362458742	0.925708567627547
chr4:16085139:16085180	2.8721887084441e-05	0.303792688054031	0.00104248924746136	0.996580154374932
chr6:157970252:157970307	6.26785610402833e-08	0.437693685197214	0.0120730269103239	0.973157135498642
chr16:75600626:75600642	3.82180198083064e-05	0.504523809523809	0.0578223194137656	0.897176638304583
chr21:38081477:38081492	5.25320390963929e-09	0.317176156661175	0.00815575121371991	0.974930982740076
chr19:16482519:16482633	5.33932975119306e-19	0.301643273937392	0.00116455463636181	0.996154146206038
chr18:18823158:18823243	3.54543043550792e-05	0.36984126984127	0.00283816425120773	0.992384435545473
chr7:158362709:158362731	5.08932443543181e-09	0.384709271020696	0.0144252141641315	0.963858762648756
chr8:145925522:145925533	3.12575029428721e-05	0.6	0.0702076158902282	0.895244974503949
chr9:87904983:87904996	0.000124320891328625	0.542222222222222	0.082827162808886	0.867487010158783
chr1:178455974:178456004	2.09982448379103e-05	0.338148148148148	0.0170476780139516	0.952004847021565
chr6:75916962:75916992	1.44013132617499e-07	0.498987410675966	0.0129113362516724	0.974777558395748
chr2:27301795:27301826	3.97742329194312e-08	0.635255022926278	0.112382563735518	0.849683100822544
chr17:39464701:39464813	1.49845764458582e-11	0.529491815543092	0.0234547394814894	0.957582266733814
chr13:79170266:79170271	7.98728056962405e-07	0.31	0.00312401626045791	0.990023070418657
chr10:121277212:121277385	0.000316828120400525	0.402777777777778	0.0431094032743537	0.903317688630045
chr13:79170302:79170323	1.69694402740925e-06	0.452430323351703	0.0134651944290649	0.971098252901842
chr16:68676460:68676466	2.96123113795064e-06	0.36626211951103	0.0231831777995945	0.940471285801396
chr17:1960297:1960323	2.35144146654767e-06	0.537824361770069	0.0420482437056013	0.927487100945027
chr2:25384521:25384555	2.78702325716246e-08	0.500304966289303	0.0766063333282739	0.8672129781839
chr19:3179353:3179432	2.3996489922738e-22	0.793612805046912	0.0236237527593635	0.971093127768565
chr2:43397997:43398041	1.97621771885718e-10	0.391419295640628	0.0526821903642299	0.88137353279729
chr21:44819309:44819337	4.44773847944016e-09	0.431625649959139	0.0561628588267569	0.884862275729812
chr19:47152996:47153006	8.26212884925304e-06	0.387037037037037	0.0368312684451724	0.913106811788459
chr19:10842473:10842660	8.70342657540792e-05	0.580813546297965	0.0684378326337276	0.894589622980334
chr3:128211282:128211310	5.16548922711593e-08	0.373265748570022	0.0111919158600415	0.970889081177162
chr11:63974228:63974540	5.46082642062042e-09	0.309858487116278	0.00940633799573612	0.97053750599542
chr5:115152519:115152539	1.1888172519017e-05	0.413333333333333	0.00060971449771535	0.998527057041035
chr19:4108900:4108936	1.07868608157479e-14	0.540276304878564	0.0116183034966329	0.978948329408693
chr5:172370231:172370335	1.40218812605924e-05	0.55040404040404	0.0922457519746522	0.856460310003034
chr8:145025336:145025434	4.06282998845404e-05	0.33915225379445	0.0297569363280666	0.919338045446403
chr7:2758845:2758885	0.000222804112896821	0.406150465228863	0.0589337190533235	0.873283760134131
chr4:102711857:102711879	3.0360248397981e-07	0.323078784309853	0.0133037409013824	0.960450558800496
chr1:203032620:203032687	5.61700931826657e-06	0.651587301587302	0.0643464914178129	0.910122287777868
chr5:176023813:176023852	8.03268944414671e-07	0.475	0.0143954247179467	0.970585289541186
chr2:119611407:119611447	1.67531650290631e-06	0.312962962962963	0.00849703374790943	0.973567368148915
chr3:192125879:192125900	8.87592281979309e-09	0.417713440075311	0.0083886979326938	0.980312940996001
chr18:9404557:9404633	2.26197914677798e-10	0.357415135823677	0.0306530489519266	0.921011177534042
chr21:38076401:38076508	2.39219217435024e-05	0.346763668430335	0.0212146426216474	0.942348116765364
chr1:47899900:47899973	4.17255518918487e-07	0.406338260784112	0.0594774656954743	0.872315462285963
chr14:105527019:105527137	2.85229536013467e-09	0.328020878311817	0.0123796884681296	0.963631998074396
chr3:50312991:50313021	3.65009124503005e-24	0.555966570466571	0.00759190406211849	0.986528631179812
chr22:47070183:47070285	1.33129378733436e-14	0.514291274045092	0.0268239716894358	0.950428357173666
chr14:27065959:27066053	0.000261098496089284	0.431002331002331	0.0491570696979228	0.897623435829366
chr16:3641015:3641054	0.000145391446537925	0.844444444444444	0.185849680726218	0.81961492724669
chr11:48044297:48044518	9.86788876928596e-07	0.677081566394514	0.0711721577138913	0.904882320768002
chr7:27197712:27197726	3.77110181837152e-05	0.345790987133954	0.0147541516289863	0.959078212288178
chr16:2317491:2317523	6.02897457520228e-15	0.526070837297782	0.0353641064396776	0.937011212369042
chr9:136728062:136728085	0.000354086139382056	0.426527460387882	0.0289873518978707	0.9363635361221
chr7:557581:557595	1.36928378450762e-08	0.614131131131131	0.0190165914667726	0.969965000602475
chr9:134148582:134148640	6.96206393000609e-14	0.568561733363768	0.0137544155319244	0.976379814370582
chr1:221050095:221050115	0.000203053110053768	0.495449341822711	0.0632858985468624	0.886733654914979
chr14:38066924:38066944	3.54297003894153e-08	0.365098420607641	0.0215990212916085	0.944144907746155
chr4:1210659:1210715	4.38714189333678e-19	0.483715107672294	0.0163153983755079	0.967371194000815
chr4:1210785:1210901	7.99479645420212e-06	0.502822815292125	0.0344387135850294	0.935899535451562
chr9:1045544:1045552	4.22247666317479e-05	0.327492334892967	0.0112174605525431	0.966881794670896
chr3:181438113:181438133	2.36245599133778e-11	0.864037932518779	0.0777537245532254	0.917440631407844
chr2:63284055:63284066	2.49193955176072e-05	0.413333333333333	0.00832418741995548	0.980258415870101
chr10:13390041:13390139	0.000813067121947154	0.551111111111111	0.0718045874102123	0.884728242391929
chr18:11947874:11947897	5.65979120115532e-08	0.44	0.0231704541821748	0.949974239563516
chr9:6645173:6645184	5.15400682347957e-06	0.466666666666667	0.0483710377112414	0.906082530851471
chr8:142414178:142414227	2.63115343918396e-05	0.573584327334843	0.0534428740285543	0.914767853910725
chr13:28498832:28498881	2.07463725637541e-08	0.398848910945685	0.00701939519863891	0.982705239378453
chr22:50752816:50752852	0.000180587385653392	0.533333333333333	0.0663953077050218	0.889291084064175
chr7:87228807:87228922	4.75080029762673e-08	0.527494553376906	0.0178455282044714	0.967276331215701
chr11:128609074:128609245	9.34601657502935e-05	0.372222222222222	0.0416013243875945	0.899470862089877
chr22:47070690:47070785	5.25213340402697e-05	0.579570488402274	0.0930042609988954	0.861719071253118
chr13:96294381:96294499	3.52454028142402e-09	0.329160080270372	0.00538053822938266	0.983916636928838
chr5:179507584:179507627	0.000122190509902222	0.527895453903698	0.0795718049880317	0.869010545303786
chr3:16379798:16379845	3.72680626275091e-06	0.344814814814815	0.0086207218563585	0.975608785869263
chr8:28637012:28637063	2.81440544105554e-07	0.787746783196935	0.155017944935386	0.835570911480231
chr12:106978557:106978647	3.5153416985122e-05	0.371111111111111	0.00449209697504668	0.988040312547021
chr9:96715305:96715335	1.72786393204395e-08	0.35934994396523	0.00211219837353244	0.994156515645412
chr10:79380018:79380032	1.29733739095293e-05	0.732217727692826	0.161393048128399	0.819392231500253
chr8:145104050:145104058	3.60550982698984e-05	0.314716480343126	0.00800957987182202	0.975181490250625
chr12:51718198:51718251	2.4845735834774e-10	0.756523230905234	0.0862222480548297	0.897688863117692
chr7:155259609:155259665	1.26521598030404e-08	0.381041516342406	0.001573825870971	0.995886662929232
chr19:4109138:4109269	3.88802677999116e-14	0.537275485956696	0.0169160314449123	0.969476199267313
chr12:52652502:52652523	4.04079806098581e-13	0.430506769374416	0.00704837720115606	0.983891454011412
chr2:66673336:66673372	5.06991948460257e-06	0.323252429052429	0.00518917944642583	0.984200602749015
chr2:97428602:97428718	2.87883393272331e-07	0.456620689836223	0.0447581064446563	0.91072995751583
chr2:46926601:46926631	6.84396829673263e-05	0.406144826182238	0.0471591139874822	0.895965797319508
chr17:17295442:17295619	2.14724846619636e-16	0.555194500996777	0.0163985025671157	0.971310875981913
chr16:28996532:28996602	3.89070330966959e-05	0.364593941246894	0.0323318533203535	0.918544338103288
chr8:23572091:23572113	1.94971744719855e-07	0.404575692363892	0.00113331381447324	0.99720658452927
chr16:2317602:2317631	3.72770343748743e-06	0.376995846675176	0.0482218888197149	0.886594831789902
chr10:50494659:50494871	0.000130341753463177	0.59679389527716	0.14550243991552	0.80398335136903
chr7:95402297:95402335	7.70027071847412e-08	0.385555555555556	0.00112663906142167	0.997086395295398
chr17:15244821:15244853	2.74483111239703e-05	0.320312507035911	0.0101669499503261	0.969235758122329
chr19:35537038:35537179	7.18755003906165e-07	0.438988630740402	0.0405072334774614	0.915521203621776
chr3:192126077:192126114	3.11866018719119e-08	0.315557061186013	0.00504211128735287	0.984272849962606
chr18:9735515:9735556	2.09795010421777e-08	0.457265610337189	0.0265123013179926	0.945197371191908
chr2:43398069:43398085	1.69672681860008e-09	0.38850562037226	0.0455867268337829	0.894983804420434
chr12:124877816:124877872	1.89903470010946e-08	0.838417874396135	0.129154382708033	0.866517067061661
chr1:208132616:208132726	5.99382536361664e-08	0.303953130933678	0.00123523705038923	0.995952542167486
chr17:61512658:61512683	1.10365298696184e-10	0.396256918452926	0.0177382830732399	0.957153409006073
chr19:42071605:42071726	0.000156714808936882	0.37	0.0264729967524999	0.933228752098278
chr10:101292552:101292646	3.28768540047329e-05	0.361252877219264	0.00191519609946945	0.994726419417963
chr22:23558663:23558927	1.81084384619451e-09	0.478452571630243	0.0241105535587149	0.952024825638273
chr16:85169901:85170126	2.79595624018915e-09	0.46655762529264	0.0182606094099299	0.962335143146725
chr9:132358304:132358316	0.000574619595467213	0.557968081867811	0.0827760484299975	0.870812630945953
chr5:137795191:137795306	3.91705668739797e-12	0.507280940458174	0.0244515954617589	0.95401523546146
chr22:50319158:50319194	0.000138169967277362	0.623145299145299	0.104710205349902	0.856138746353889
chr12:115103722:115103767	1.68322404198187e-17	0.4938449200043	0.0213023713124753	0.958647998986806
chr16:17331467:17331495	1.77791144191176e-15	0.569379509938743	0.0180146262952785	0.969331279997488
chr12:123131513:123131635	2.08666872350162e-06	0.472161180893715	0.0429962642418454	0.916537624278086
chr13:114875997:114876008	5.10015947610148e-06	0.391301922709354	0.0479661715618866	0.890804335239818
chr10:102986890:102986903	0.000163524380806948	0.482029089498919	0.0338643770346669	0.934357809835798
chr16:88758508:88758570	7.46615778988579e-17	0.408216411181884	0.00456386608434527	0.988943594605413
chr17:79134237:79134248	1.17019698687612e-06	0.499047619047619	0.0375123273918687	0.930087350647782
chr3:129295780:129295896	9.27690905887181e-12	0.610714285714286	0.0307217832420305	0.952104683960136
chr15:96890743:96890812	2.14724846619636e-16	0.640547789671629	0.0223510579481294	0.966282852914311
chr2:219847214:219847286	9.42135331032701e-06	0.336383026539915	0.00511111640670358	0.985033077397458
chr10:6213930:6214079	2.28477607447968e-05	0.513438864165517	0.0361539606158106	0.934216825646886
chr11:45114836:45114845	2.14724846619636e-16	0.711568241156976	0.0488017547472202	0.935818410760425
chr4:81952496:81952527	6.86891922189805e-06	0.433333333333333	0.0653900496150639	0.86888513382211
chr4:159091800:159091863	7.66615623954327e-05	0.409458135180925	0.0648690946963189	0.863239783402047
chr19:16197202:16197336	7.311328930299e-05	0.470909744189226	0.0589755831866824	0.888701233757989
chr11:64068293:64068310	0.00022094729948829	0.333333333333333	0.0202602519785738	0.942701867850057
chr7:633049:633101	2.68946301525862e-07	0.363279008473713	0.0294817067692707	0.924937231181505
chr1:9764969:9765037	8.08274022011902e-06	0.456193822517352	0.0425692698814166	0.914650320903493
chr22:47070412:47070453	0.000713983903058749	0.466069264069264	0.0468260630511399	0.908702496249986
chr11:68125151:68125185	0.000376059191627066	0.868253968253968	0.330755003123136	0.724143012255153
chr14:105531892:105532022	0.000273904631441258	0.508333333333333	0.0444659906616163	0.919562147181601
chr3:50313747:50313762	6.33390380052541e-22	0.509219245377307	0.0103265691566517	0.980123852665592
chr6:42072513:42072527	2.15606784458406e-05	0.345037037037037	0.00213277787525262	0.993856672488098
chr11:88242385:88242459	1.05491891395722e-07	0.411513491187072	0.00738158106172052	0.982378448564474
chr15:41795065:41795089	1.55825383879291e-06	0.363492063492063	0.0233336216236534	0.93967923402844
chr18:46298176:46298192	6.23166570504478e-05	0.878920896385148	0.285254293533275	0.754973052162997
chr5:1495316:1495431	1.32019436019208e-11	0.576535539705536	0.049914566159266	0.920321561618447
chr3:138679355:138679366	2.4933920726912e-07	0.35746710044765	0.00624221958440333	0.982837339488982
chr5:134880200:134880327	1.1237267482139e-07	0.486602983073571	0.00594226891691048	0.987935587861427
chr1:120905027:120905109	0.000183767165865313	0.441060513440425	0.0374124443807511	0.921808654451202
chr2:66666698:66666809	3.16618743066448e-06	0.444878956691019	0.00906442665171484	0.980031812370594
chr1:161697280:161697330	5.51164436471605e-05	0.364460317460317	0.0283066634836935	0.927930134514722
chr6:42072328:42072373	2.59658669133284e-08	0.417614721679818	0.0101715349568891	0.976222857094899
chr7:158936693:158936701	5.46815486503034e-07	0.382979714729715	0.00737374982199	0.981110069484183
chr9:101822013:101822096	2.38445557838409e-10	0.73	0.0603749873543156	0.923612224171702
chr6:19691985:19692003	2.74678340383948e-10	0.318197253689382	0.0054317916855348	0.983215994475273
chr5:177989059:177989077	2.26197914677798e-10	0.536666666666667	0.0307193506313849	0.945858111242019
chr2:177014492:177014518	2.55043461691598e-08	0.357384809925354	0.0197362965591535	0.94766589241548
chr19:55553070:55553087	1.05526311871542e-13	0.486885476860665	0.0346802540736041	0.933507414278384
chr17:40822427:40822434	5.61014074985716e-06	0.654699787987941	0.102769530292537	0.864325157716179
chr19:3178517:3178545	2.10964601653642e-15	0.370242662178277	0.0172880717255502	0.955389159586397
chr14:91844678:91844726	0.000290901460686153	0.498545315004901	0.0862790482753	0.852470153959776
chr4:3304410:3304551	2.25783829156683e-06	0.377619047619048	0.0724858224874535	0.838957924471463
chr10:124910708:124910730	1.75752882745545e-06	0.387137761247581	0.00724813007140651	0.981621730820122
chr13:29106180:29106363	2.0966751336872e-08	0.65	0.0387216584670805	0.943777492705449
chr9:126135891:126135950	2.79600443314097e-05	0.400786245917825	0.00177016595595143	0.995602688458714
chr17:56409588:56409742	9.16954222266557e-08	0.649727080007278	0.0510642275474302	0.927133474692187
chr6:50787949:50787984	3.73432366120853e-07	0.44	0.0264342109270721	0.943327032392131
chr16:2286867:2286879	3.01091248873675e-06	0.322548085989226	0.0223722916678607	0.93513780826802
chr7:129425931:129426013	4.80380883150482e-07	0.415	0.0335090503581543	0.925287905937693
chr16:68390251:68390361	1.27573636758102e-18	0.471352306993593	0.0214601069537096	0.956453802001821
chr17:43663420:43663489	0.000616530050398419	0.36608031952209	0.0480430051295465	0.883988652003698
chr22:19710841:19710855	5.55602800644692e-06	0.404960317460318	0.00767139422030727	0.981408616926067
chr1:1148346:1148354	0.000234479680292144	0.47378447545186	0.061093360472242	0.885780721561043
chr7:155168257:155168346	1.78079502084877e-09	0.484076109076109	0.00911865902341314	0.981511038613506
chr8:134094859:134094975	6.43331726989296e-06	0.50505092860356	0.128951158177381	0.79660767548556
chr5:138850540:138850606	4.38714189333678e-19	0.458796370101491	0.0178752129532965	0.962499940024237
chr12:6882964:6882984	5.31425633672149e-07	0.475504352278546	0.0666650545425303	0.877040176550333
chr7:155246915:155246940	5.25213340402697e-05	0.346111111111111	0.0244937948853718	0.933908605933014
chr11:67204881:67205042	0.000397395382689811	0.364295090537063	0.0601335859194666	0.858318748814265
chr1:208085429:208085672	0.000700700428065996	0.509351237792028	0.0867179916279251	0.854516912888941
chr10:12223668:12223715	3.3512200217577e-07	0.43534119509774	0.0775091960510026	0.848865873188888
chr17:3790315:3790340	8.89220466608191e-06	0.516078238730116	0.0727950620914198	0.8763824714249
chr22:20783780:20783802	3.66161375879569e-09	0.373116883116883	0.00930515964699959	0.975667826101894
